 255 255 255
 251 243   8
 251 243   8
 251 243   8
 251 243   8
 251 243   8
 251 243   8
 251 243   8
 251 243   8
 251 243   8
 245 222  25
 245 222  25
 245 222  25
 245 222  25
 245 222  25
 245 222  25
 245 222  25
 245 222  25
 245 222  25
 245 222  25
 239 200  39
 239 200  39
 239 200  39
 239 200  39
 239 200  39
 239 200  39
 239 200  39
 239 200  39
 239 200  39
 239 200  39
 233 180  50
 233 180  50
 233 180  50
 233 180  50
 233 180  50
 233 180  50
 233 180  50
 233 180  50
 233 180  50
 233 180  50
 227 159  59
 227 159  59
 227 159  59
 227 159  59
 227 159  59
 227 159  59
 227 159  59
 227 159  59
 227 159  59
 227 159  59
 221 137  63
 221 137  63
 221 137  63
 221 137  63
 221 137  63
 221 137  63
 221 137  63
 221 137  63
 221 137  63
 221 137  63
 215 117  67
 215 117  67
 215 117  67
 215 117  67
 215 117  67
 215 117  67
 215 117  67
 215 117  67
 215 117  67
 215 117  67
 209  94  65
 209  94  65
 209  94  65
 209  94  65
 209  94  65
 209  94  65
 209  94  65
 209  94  65
 209  94  65
 209  94  65
 203  71  62
 203  71  62
 203  71  62
 203  71  62
 203  71  62
 203  71  62
 203  71  62
 203  71  62
 203  71  62
 203  71  62
 255   0   0
 210 125 255
 210 125 255
 210 125 255
 210 125 255
 210 125 255
 210 125 255
 150 115 230
 150 115 230
 150 115 230
 150 115 230
 150 115 230
 150 115 230
 100 100 200
 100 100 200
 100 100 200
 100 100 200
 100 100 200
 100 100 200
  92  92 153
  90  90 153
  89  89 153
  87  87 152
  86  86 152
  84  84 152
  83  83 151
  81  81 151
  80  80 151
  78  78 150
  77  77 150
  75  75 150
  74  74 149
  73  73 149
  71  71 149
  70  70 148
  68  68 148
  67  67 148
  66  66 147
  64  64 147
  63  63 147
  61  61 146
  60  60 146
  59  59 146
  57  57 145
  56  56 145
  55  55 145
  53  53 144
  52  52 144
  51  51 144
  49  49 143
  48  48 143
  47  47 143
  45  45 142
  44  44 142
  43  43 142
  41  41 141
  40  40 141
  39  39 141
  37  37 140
  36  36 140
  35  35 140
  34  34 139
  32  32 139
  31  31 139
  30  30 138
  29  29 138
  27  27 138
  26  26 137
  25  25 137
  24  24 137
  23  23 136
  21  21 136
  20  20 136
  19  19 135
  18  18 135
  17  17 135
  15  15 134
  14  14 134
  13  13 134
  12  12 133
  11  11 133
  10  10 133
   8   8 132
   7   7 132
   6   6 132
   5   5 131
   4   4 131
   3   3 131
   2   2 130
   1   1 130
   0   0 130
