 255 255 255
 255 249 101
 255 249 101
 255 249 101
 255 249 101
 255 249 101
 255 249 101
 255 249 101
 255 249 101
 255 249 101
 255 240 112
 255 240 112
 255 240 112
 255 240 112
 255 240 112
 255 240 112
 255 240 112
 255 240 112
 255 240 112
 255 240 112
 255 229 122
 255 229 122
 255 229 122
 255 229 122
 255 229 122
 255 229 122
 255 229 122
 255 229 122
 255 229 122
 255 229 122
 250 215 128
 250 215 128
 250 215 128
 250 215 128
 250 215 128
 250 215 128
 250 215 128
 250 215 128
 250 215 128
 250 215 128
 244 199 132
 244 199 132
 244 199 132
 244 199 132
 244 199 132
 244 199 132
 244 199 132
 244 199 132
 244 199 132
 244 199 132
 238 182 132
 238 182 132
 238 182 132
 238 182 132
 238 182 132
 238 182 132
 238 182 132
 238 182 132
 238 182 132
 238 182 132
 232 166 132
 232 166 132
 232 166 132
 232 166 132
 232 166 132
 232 166 132
 232 166 132
 232 166 132
 232 166 132
 232 166 132
 226 148 129
 226 148 129
 226 148 129
 226 148 129
 226 148 129
 226 148 129
 226 148 129
 226 148 129
 226 148 129
 226 148 129
 220 131 124
 220 131 124
 220 131 124
 220 131 124
 220 131 124
 220 131 124
 220 131 124
 220 131 124
 220 131 124
 220 131 124
 255  96  96
 227 174 255
 227 174 255
 227 174 255
 227 174 255
 227 174 255
 227 174 255
 194 170 247
 194 170 247
 194 170 247
 194 170 247
 194 170 247
 194 170 247
 149 149 216
 149 149 216
 149 149 216
 149 149 216
 149 149 216
 149 149 216
 126 126 168
 125 125 168
 124 124 168
 123 123 167
 122 122 167
 121 121 167
 120 120 166
 118 118 166
 118 118 166
 116 116 165
 115 115 165
 114 114 165
 113 113 164
 112 112 164
 111 111 164
 110 110 163
 108 108 163
 107 107 163
 106 106 162
 105 105 162
 104 104 162
 103 103 161
 102 102 161
 101 101 161
  99  99 160
  99  99 160
  98  98 160
  96  96 159
  96  96 159
  95  95 159
  93  93 158
  93  93 158
  92  92 158
  90  90 157
  89  89 157
  89  89 157
  87  87 156
  86  86 156
  86  86 156
  84  84 155
  83  83 155
  82  82 155
  81  81 154
  80  80 154
  79  79 154
  78  78 153
  78  78 153
  76  76 153
  75  75 152
  74  74 152
  74  74 152
  73  73 151
  71  71 151
  71  71 151
  70  70 150
  69  69 150
  68  68 150
  66  66 149
  66  66 149
  65  65 149
  64  64 148
  63  63 148
  63  63 148
  61  61 147
  60  60 147
  59  59 147
  58  58 146
  58  58 146
  57  57 146
  56  56 145
  55  55 145
  54  54 145
