 255 255 255
 255 255 255
 253 249   2
 253 248   5
 252 246   7
 251 243   8
 251 241  10
 250 238  11
 250 236  13
 249 235  15
 248 232  16
 248 229  17
 247 228  19
 247 226  22
 246 224  22
 245 222  25
 245 218  25
 244 217  27
 244 215  28
 243 213  30
 242 210  32
 242 209  32
 241 207  34
 240 204  35
 240 203  36
 239 200  39
 239 198  39
 238 196  41
 237 194  42
 237 192  43
 236 189  44
 236 188  45
 235 186  46
 234 184  47
 234 182  49
 233 180  50
 233 178  50
 232 176  51
 231 173  53
 231 171  54
 230 168  55
 229 167  55
 229 164  55
 228 163  57
 228 161  57
 227 159  59
 226 156  59
 226 155  60
 225 153  61
 225 151  61
 224 148  62
 223 146  61
 223 145  63
 222 142  63
 222 141  64
 221 137  63
 220 136  65
 220 134  65
 219 131  65
 218 130  66
 218 127  66
 217 126  66
 217 124  66
 216 122  66
 215 119  67
 215 117  67
 214 115  67
 214 113  67
 213 111  66
 212 107  66
 212 106  66
 211 103  66
 211 102  66
 210  99  65
 209  97  65
 209  94  65
 208  93  66
 207  90  65
 207  88  65
 206  85  65
 206  84  65
 205  80  64
 204  79  63
 204  76  63
 203  73  63
 203  71  62
 202  69  62
 201  67  61
 201  63  61
 200  62  60
 255   0   0
 210 125 255
 210 125 255
 210 125 255
 210 125 255
 210 125 255
 210 125 255
 150 115 230
 150 115 230
 150 115 230
 150 115 230
 150 115 230
 150 115 230
 100 100 200
 100 100 200
 100 100 200
 100 100 200
 100 100 200
 100 100 200
  92  92 153
  90  90 153
  89  89 153
  87  87 152
  86  86 152
  84  84 152
  83  83 151
  81  81 151
  80  80 151
  78  78 150
  77  77 150
  75  75 150
  74  74 149
  73  73 149
  71  71 149
  70  70 148
  68  68 148
  67  67 148
  66  66 147
  64  64 147
  63  63 147
  61  61 146
  60  60 146
  59  59 146
  57  57 145
  56  56 145
  55  55 145
  53  53 144
  52  52 144
  51  51 144
  49  49 143
  48  48 143
  47  47 143
  45  45 142
  44  44 142
  43  43 142
  41  41 141
  40  40 141
  39  39 141
  37  37 140
  36  36 140
  35  35 140
  34  34 139
  32  32 139
  31  31 139
  30  30 138
  29  29 138
  27  27 138
  26  26 137
  25  25 137
  24  24 137
  23  23 136
  21  21 136
  20  20 136
  19  19 135
  18  18 135
  17  17 135
  15  15 134
  14  14 134
  13  13 134
  12  12 133
  11  11 133
  10  10 133
   8   8 132
   7   7 132
   6   6 132
   5   5 131
   4   4 131
   3   3 131
   2   2 130
   1   1 130
   0   0 130
   0   0   0
   0 255 180
   0 221 151
 204 250 239
