 255 255 255
 255 255 255
 255 252  97
 255 251  99
 255 251 100
 255 249 101
 255 248 102
 255 247 103
 255 246 104
 255 246 105
 255 244 106
 255 242 107
 255 242 108
 255 241 110
 255 240 110
 255 240 112
 255 237 112
 255 237 113
 255 236 114
 255 235 115
 255 234 117
 255 233 117
 255 232 118
 255 231 119
 255 230 120
 255 229 122
 255 227 122
 255 227 123
 254 226 124
 254 224 125
 253 222 125
 253 221 126
 252 220 126
 251 218 126
 251 217 127
 250 215 128
 250 213 128
 249 212 128
 248 209 129
 248 208 130
 247 206 130
 246 205 130
 246 203 130
 245 202 131
 245 200 131
 244 199 132
 243 196 131
 243 196 132
 242 194 132
 242 192 132
 241 190 132
 240 188 131
 240 188 133
 239 185 132
 239 185 133
 238 182 132
 237 181 133
 237 179 133
 236 177 133
 235 176 133
 235 174 133
 234 173 132
 234 171 132
 233 170 132
 232 167 132
 232 166 132
 231 164 132
 231 163 132
 230 161 131
 229 158 131
 229 157 131
 228 155 130
 228 154 130
 227 152 129
 226 150 129
 226 148 129
 225 147 129
 224 145 128
 224 144 128
 223 141 128
 223 140 128
 222 137 127
 221 136 126
 221 134 126
 220 132 125
 220 131 124
 219 129 124
 218 127 123
 218 124 123
 216 123 122
 255  96  96
 227 174 255
 227 174 255
 227 174 255
 227 174 255
 227 174 255
 227 174 255
 194 170 247
 194 170 247
 194 170 247
 194 170 247
 194 170 247
 194 170 247
 149 149 216
 149 149 216
 149 149 216
 149 149 216
 149 149 216
 149 149 216
 126 126 168
 125 125 168
 124 124 168
 123 123 167
 122 122 167
 121 121 167
 120 120 166
 118 118 166
 118 118 166
 116 116 165
 115 115 165
 114 114 165
 113 113 164
 112 112 164
 111 111 164
 110 110 163
 108 108 163
 107 107 163
 106 106 162
 105 105 162
 104 104 162
 103 103 161
 102 102 161
 101 101 161
  99  99 160
  99  99 160
  98  98 160
  96  96 159
  96  96 159
  95  95 159
  93  93 158
  93  93 158
  92  92 158
  90  90 157
  89  89 157
  89  89 157
  87  87 156
  86  86 156
  86  86 156
  84  84 155
  83  83 155
  82  82 155
  81  81 154
  80  80 154
  79  79 154
  78  78 153
  78  78 153
  76  76 153
  75  75 152
  74  74 152
  74  74 152
  73  73 151
  71  71 151
  71  71 151
  70  70 150
  69  69 150
  68  68 150
  66  66 149
  66  66 149
  65  65 149
  64  64 148
  63  63 148
  63  63 148
  61  61 147
  60  60 147
  59  59 147
  58  58 146
  58  58 146
  57  57 146
  56  56 145
  55  55 145
  54  54 145
