0	0	40	2	1
2	0	41	13	1
3	0	43	13	1
4	0	41	9	1
5	0	38	15	1
6	0	38	9	1
8	0	45	15	1
9	0	46	4	1
10	0	42	2	1
11	0	43	17	1
19	0	40	6	1
20	0	40	9	1
21	0	41	22	1
22	0	42	4	1
23	0	38	13	1
25	0	37	3	1
26	0	43	23	1
27	0	40	18	1
28	0	37	1	1
29	0	44	9	1
30	0	44	1	1
31	0	38	23	1
32	0	42	8	1
33	0	37	7	1
34	0	42	6	1
35	0	40	16	1
36	0	38	21	1
37	0	44	7	1
42	0	46	13	1
43	0	40	22	1
44	0	44	17	1
46	0	42	14	1
47	0	37	11	1
48	0	47	3	1
51	0	41	1	1
52	0	37	9	1
53	0	46	15	1
54	0	44	11	1
55	0	42	16	1
56	0	44	19	1
57	0	43	18	1
58	0	39	12	1
61	0	40	20	1
64	0	44	23	1
66	0	42	24	1
67	0	43	0	1
74	0	38	2	1
75	0	37	15	1
76	0	45	1	1
77	0	43	7	1
78	0	41	3	1
79	0	41	5	1
81	0	39	24	1
82	0	45	6	1
83	0	37	23	1
84	0	39	16	1
86	0	46	12	1
88	0	37	17	1
89	0	43	14	1
90	0	44	18	1
91	0	43	6	1
92	0	38	8	1
93	0	43	12	1
94	0	41	19	1
95	0	45	4	1
97	0	41	15	1
100	0	44	16	1
102	0	46	8	1
103	0	37	4	1
104	0	40	3	1
105	0	41	21	1
106	0	35	20	1
107	0	43	24	1
108	0	47	15	1
109	0	37	2	1
111	0	40	23	1
112	0	35	8	1
113	0	39	6	1
114	0	36	6	1
118	0	46	2	1
119	0	38	24	1
120	0	34	5	1
122	0	37	20	1
123	0	41	7	1
124	0	38	17	1
125	0	35	16	1
127	0	47	19	1
128	0	36	14	1
129	0	47	1	1
130	0	44	20	1
131	0	38	12	1
132	0	42	3	1
133	0	34	0	1
134	0	44	14	1
135	0	34	19	1
136	0	44	4	1
137	0	39	2	1
138	0	42	21	1
139	0	39	7	1
140	0	45	18	1
142	0	45	8	1
143	0	45	22	1
144	0	44	10	1
145	0	38	0	1
146	0	45	0	1
147	0	44	24	1
149	0	42	7	1
151	0	46	1	1
152	0	39	21	1
153	0	36	8	1
154	0	43	2	1
155	0	37	6	1
156	0	41	23	1
157	0	40	19	1
158	0	34	11	1
159	0	39	9	1
160	0	37	10	1
161	0	35	4	1
162	0	40	11	1
163	0	39	10	1
164	0	42	11	1
165	0	40	12	1
170	0	37	14	1
172	0	36	12	1
174	0	47	9	1
175	0	45	12	1
176	0	38	16	1
177	0	48	3	1
181	0	39	5	1
182	0	45	24	1
183	0	45	10	1
184	0	46	3	1
185	0	37	18	1
186	0	39	13	1
187	0	47	23	1
188	0	41	10	1
189	0	45	20	1
191	0	40	7	1
192	0	35	0	1
193	0	44	8	1
195	0	36	24	1
196	0	39	11	1
197	0	37	8	1
198	0	42	5	1
199	0	33	9	1
200	0	50	11	1
201	0	42	23	1
203	0	40	21	1
204	0	46	16	1
205	0	38	20	1
206	0	44	12	1
207	0	45	3	1
209	0	34	2	1
210	0	41	2	1
211	0	42	9	1
212	0	48	13	1
213	0	47	0	1
214	0	33	17	1
215	0	39	23	1
217	0	44	0	1
218	0	46	17	1
221	0	49	3	1
223	0	37	12	1
224	0	35	18	1
227	0	48	5	1
228	0	46	22	1
229	0	43	3	1
230	0	33	13	1
231	0	36	1	1
232	0	36	20	1
233	0	48	15	1
234	0	34	6	1
235	0	44	22	1
239	0	33	15	1
240	0	34	10	1
241	0	30	4	1
242	0	45	5	1
243	0	31	2	1
244	0	49	2	1
245	0	35	14	1
246	0	46	20	1
247	0	36	9	1
249	0	33	21	1
250	0	47	12	1
251	0	45	17	1
252	0	36	7	1
253	0	39	22	1
255	0	35	22	1
256	0	35	5	1
257	0	36	17	1
258	0	36	11	1
259	0	41	16	1
260	0	47	18	1
261	0	48	17	1
262	0	29	9	1
263	0	35	1	1
264	0	50	10	1
265	0	45	11	1
266	0	47	16	1
267	0	50	12	1
268	0	48	2	1
271	0	48	4	1
273	0	48	10	1
276	0	30	5	1
277	0	34	14	1
280	0	34	16	1
281	0	33	7	1
282	0	34	20	1
283	0	48	23	1
286	0	51	4	1
287	0	46	9	1
289	0	47	4	1
290	0	33	24	1
291	0	35	10	1
292	0	33	2	1
293	0	36	15	1
294	0	36	23	1
295	0	36	21	1
296	0	35	9	1
297	0	29	12	1
298	0	30	7	1
299	0	46	5	1
300	0	32	16	1
301	0	32	4	1
302	0	33	10	1
303	0	48	16	1
304	0	49	24	1
305	0	33	6	1
306	0	47	20	1
308	0	48	12	1
309	0	32	14	1
310	0	30	13	1
311	0	30	17	1
312	0	29	1	1
313	0	50	3	1
314	0	31	22	1
315	0	31	24	1
316	0	51	9	1
317	0	50	13	1
318	0	51	13	1
319	0	49	1	1
321	0	46	23	1
322	0	35	11	1
323	0	34	4	1
324	0	33	20	1
325	0	35	21	1
326	0	51	5	1
327	0	32	8	1
328	0	48	24	1
329	0	34	8	1
331	0	30	11	1
333	0	47	6	1
336	0	35	15	1
340	0	33	1	1
341	0	35	13	1
342	0	28	0	1
343	0	48	0	1
345	0	30	19	1
346	0	29	5	1
348	0	31	16	1
349	0	29	6	1
350	0	50	8	1
353	0	46	21	1
354	0	51	14	1
355	0	48	20	1
356	0	31	8	1
357	0	32	10	1
359	0	29	13	1
360	0	46	25	1
362	0	32	5	1
363	0	31	14	1
364	0	29	11	1
365	0	50	0	1
366	0	32	3	1
367	0	30	23	1
368	0	31	11	1
369	0	31	12	1
370	0	51	18	1
371	0	52	4	1
373	0	30	15	1
374	0	32	1	1
376	0	50	6	1
377	0	35	24	1
379	0	31	18	1
380	0	29	4	1
381	0	48	18	1
382	0	46	24	1
384	0	34	22	1
386	0	29	17	1
387	0	28	8	1
388	0	49	10	1
389	0	50	14	1
390	0	26	4	1
391	0	31	20	1
392	0	49	8	1
393	0	30	6	1
394	0	47	22	1
395	0	30	14	1
396	0	30	10	1
397	0	32	11	1
398	0	28	10	1
399	0	54	11	1
400	0	31	9	1
401	0	52	17	1
402	0	30	8	1
403	0	28	6	1
404	0	52	14	1
405	0	50	24	1
407	0	30	12	1
859	0	18	21	1
937	0	61	8	1
944	0	62	19	1
1012	0	11	20	1
1062	0	12	17	1
1114	0	67	6	1
1120	0	62	21	1
1122	0	6	11	1
1146	0	65	13	1
1242	0	3	21	1
1286	0	70	21	1
408	0	50	5	1
409	0	49	4	1
410	0	51	19	1
411	0	31	13	1
412	0	47	24	1
413	0	50	9	1
414	0	29	15	1
415	0	33	23	1
416	0	28	24	1
417	0	48	6	1
418	0	29	18	1
419	0	29	19	1
420	0	46	19	1
421	0	33	3	1
423	0	25	3	1
425	0	50	15	1
426	0	51	8	1
427	0	28	17	1
428	0	26	10	1
429	0	48	19	1
431	0	51	10	1
432	0	28	12	1
434	0	26	3	1
435	0	26	6	1
436	0	28	2	1
437	0	53	22	1
438	0	48	8	1
439	0	28	11	1
440	0	49	23	1
441	0	48	14	1
442	0	24	1	1
443	0	31	10	1
444	0	50	17	1
445	0	29	23	1
446	0	53	9	1
447	0	52	15	1
448	0	33	12	1
449	0	51	6	1
450	0	52	9	1
451	0	52	21	1
452	0	53	0	1
453	0	31	19	1
454	0	27	3	1
455	0	25	2	1
456	0	49	0	1
457	0	52	5	1
459	0	49	7	1
460	0	29	10	1
461	0	50	23	1
462	0	28	13	1
463	0	23	14	1
465	0	27	5	1
467	0	27	4	1
468	0	26	14	1
469	0	28	19	1
470	0	25	9	1
471	0	49	5	1
472	0	52	8	1
473	0	49	13	1
474	0	51	2	1
475	0	30	16	1
477	0	27	7	1
479	0	52	19	1
480	0	51	21	1
481	0	25	8	1
482	0	28	21	1
483	0	52	11	1
487	0	52	6	1
488	0	52	13	1
489	0	51	3	1
490	0	49	20	1
493	0	22	6	1
494	0	54	3	1
495	0	51	0	1
496	0	20	2	1
499	0	25	10	1
500	0	24	24	1
501	0	26	18	1
502	0	28	16	1
503	0	50	7	1
504	0	21	10	1
508	0	54	9	1
509	0	26	19	1
510	0	23	6	1
512	0	25	0	1
513	0	23	4	1
514	0	27	21	1
515	0	24	12	1
516	0	30	24	1
518	0	27	8	1
519	0	53	1	1
520	0	54	12	1
521	0	29	16	1
523	0	24	14	1
525	0	51	7	1
526	0	21	0	1
527	0	27	15	1
530	0	53	3	1
533	0	27	23	1
534	0	26	1	1
535	0	55	3	1
536	0	51	16	1
537	0	28	7	1
542	0	21	9	1
543	0	27	6	1
545	0	23	12	1
547	0	55	8	1
552	0	24	6	1
553	0	59	3	1
554	0	54	20	1
556	0	21	8	1
558	0	55	22	1
559	0	27	2	1
560	0	53	4	1
561	0	55	16	1
562	0	55	15	1
564	0	26	5	1
565	0	55	4	1
568	0	22	15	1
569	0	27	16	1
570	0	55	12	1
572	0	52	3	1
574	0	53	19	1
575	0	24	7	1
576	0	52	12	1
577	0	27	18	1
578	0	28	20	1
579	0	55	20	1
580	0	53	23	1
581	0	24	4	1
583	0	57	0	1
586	0	51	22	1
588	0	23	21	1
589	0	52	7	1
590	0	23	15	1
591	0	21	20	1
592	0	52	1	1
595	0	27	12	1
598	0	26	23	1
599	0	54	5	1
604	0	26	16	1
606	0	24	0	1
608	0	20	14	1
609	0	58	8	1
610	0	53	21	1
611	0	54	13	1
612	0	54	0	1
613	0	25	13	1
614	0	59	13	1
615	0	52	16	1
617	0	21	14	1
618	0	23	0	1
620	0	50	19	1
621	0	22	17	1
622	0	21	1	1
623	0	57	21	1
625	0	26	11	1
626	0	56	7	1
627	0	22	7	1
629	0	24	13	1
634	0	55	11	1
636	0	56	8	1
642	0	53	2	1
643	0	22	14	1
644	0	54	19	1
648	0	52	22	1
651	0	53	8	1
653	0	53	6	1
654	0	55	6	1
655	0	58	20	1
656	0	24	9	1
660	0	54	23	1
662	0	21	5	1
663	0	20	19	1
664	0	55	7	1
665	0	53	12	1
667	0	27	13	1
668	0	21	15	1
670	0	55	2	1
671	0	22	11	1
672	0	20	13	1
675	0	21	4	1
676	0	23	13	1
684	0	57	2	1
687	0	19	10	1
689	0	26	13	1
691	0	58	10	1
696	0	57	4	1
699	0	59	9	1
700	0	53	18	1
701	0	24	10	1
702	0	54	8	1
706	0	59	1	1
708	0	27	20	1
709	0	22	5	1
712	0	24	8	1
714	0	23	8	1
715	0	20	6	1
718	0	42	22	1
724	0	21	13	1
725	0	58	4	1
740	0	16	3	1
748	0	53	17	1
749	0	56	3	1
752	0	58	0	1
757	0	56	21	1
758	0	54	15	1
760	0	56	17	1
761	0	20	21	1
762	0	17	1	1
763	0	59	4	1
764	0	57	23	1
766	0	23	18	1
772	0	20	20	1
773	0	17	6	1
774	0	23	22	1
776	0	13	2	1
778	0	22	20	1
781	0	57	9	1
793	0	17	2	1
794	0	56	14	1
803	0	19	1	1
814	0	41	12	1
1292	0	3	25	1
1298	0	71	17	1
1327	0	69	11	1
1329	0	70	9	1
1336	0	67	8	1
1338	0	67	14	1
1343	0	65	12	1
1425	0	71	3	1
1427	0	72	6	1
1428	0	68	16	1
1431	0	71	16	1
1434	0	71	19	1
1453	0	70	14	1
1455	0	76	7	1
1459	0	68	11	1
1466	0	73	11	1
1538	0	74	20	1
1548	0	78	18	1
1551	0	78	1	1
1553	0	72	18	1
1556	0	40	30	2
1558	0	41	39	2
1559	0	43	33	2
1560	0	41	34	2
1561	0	37	40	2
1563	0	40	37	2
1564	0	42	38	2
1567	0	38	32	2
1571	0	38	36	2
1578	0	42	27	2
1582	0	41	47	2
1583	0	37	30	2
1586	0	40	31	2
1587	0	40	43	2
1588	0	42	26	2
1593	0	43	46	2
1594	0	38	40	2
1595	0	37	26	2
1598	0	40	47	2
1602	0	43	30	2
1603	0	45	38	2
1604	0	43	42	2
1606	0	39	29	2
1607	0	37	36	2
1608	0	42	43	2
1609	0	42	37	2
1610	0	37	34	2
1611	0	42	41	2
1614	0	39	33	2
1617	0	39	31	2
1619	0	36	42	2
1621	0	34	43	2
1633	0	42	29	2
1634	0	37	48	2
1637	0	39	49	2
1638	0	39	41	2
1639	0	44	31	2
1641	0	37	43	2
1643	0	38	31	2
1644	0	43	39	2
1645	0	38	45	2
1646	0	40	33	2
1647	0	38	33	2
1649	0	43	31	2
1650	0	41	40	2
1652	0	44	41	2
1653	0	45	30	2
1654	0	46	33	2
1659	0	36	29	2
1682	0	41	36	2
1685	0	42	40	2
1686	0	44	39	2
1687	0	47	32	2
1689	0	41	44	2
1691	0	43	29	2
1693	0	40	34	2
1698	0	39	38	2
1701	0	47	27	2
1704	0	38	34	2
1706	0	36	35	2
1707	0	34	36	2
1708	0	36	33	2
1717	0	37	39	2
1718	0	47	34	2
1722	0	33	32	2
1723	0	44	37	2
1724	0	36	25	2
1725	0	36	47	2
1726	0	33	30	2
1727	0	40	26	2
1728	0	43	41	2
1729	0	48	28	2
1732	0	47	39	2
1733	0	39	30	2
1734	0	47	48	2
1737	0	46	29	2
1738	0	33	36	2
1740	0	40	32	2
1742	0	39	28	2
1744	0	32	34	2
1745	0	36	49	2
1748	0	40	46	2
1749	0	50	36	2
1752	0	43	38	2
1761	0	35	44	2
1766	0	46	43	2
1767	0	45	39	2
1768	0	47	42	2
1769	0	30	40	2
1770	0	35	41	2
1771	0	49	28	2
1772	0	47	29	2
1774	0	33	33	2
1779	0	36	45	2
1781	0	35	30	2
1782	0	34	31	2
1783	0	36	26	2
1786	0	43	43	2
1787	0	36	34	2
1788	0	35	47	2
1789	0	46	45	2
1790	0	33	46	2
1791	0	44	30	2
1792	0	49	27	2
1796	0	36	32	2
1800	0	35	36	2
1809	0	50	41	2
1810	0	45	47	2
1811	0	35	37	2
1814	0	34	45	2
1817	0	36	36	2
1818	0	48	48	2
1819	0	46	26	2
1820	0	44	46	2
1825	0	31	48	2
1828	0	30	31	2
1829	0	48	39	2
1830	0	36	46	2
1831	0	33	37	2
1833	0	47	31	2
1834	0	36	48	2
1835	0	28	36	2
1838	0	32	41	2
1840	0	48	41	2
1841	0	45	31	2
1842	0	47	43	2
1844	0	33	27	2
1845	0	47	45	2
1846	0	45	36	2
1847	0	32	29	2
1848	0	47	37	2
1850	0	30	38	2
1851	0	29	42	2
1852	0	33	39	2
1862	0	51	46	2
1864	0	31	34	2
1866	0	48	26	2
1868	0	32	33	2
1871	0	32	32	2
1875	0	35	40	2
1876	0	49	29	2
1878	0	46	32	2
1879	0	47	35	2
1881	0	29	28	2
1883	0	31	31	2
1884	0	47	33	2
1885	0	48	37	2
1886	0	32	45	2
1887	0	31	41	2
1888	0	34	26	2
1889	0	30	46	2
1894	0	29	32	2
1897	0	47	49	2
1898	0	30	47	2
1912	0	30	28	2
1914	0	32	28	2
1917	0	51	34	2
1924	0	32	47	2
1926	0	31	45	2
1927	0	50	39	2
2327	0	60	29	2
2328	0	17	43	2
2330	0	16	42	2
2331	0	60	26	2
2333	0	14	27	2
2334	0	16	44	2
2337	0	62	32	2
2339	0	60	31	2
2341	0	14	37	2
2363	0	19	32	2
2367	0	64	42	2
2368	0	14	35	2
2370	0	21	47	2
2371	0	14	38	2
2372	0	63	26	2
2373	0	18	44	2
2374	0	63	29	2
2375	0	13	48	2
2376	0	64	49	2
2379	0	17	49	2
2380	0	63	33	2
2383	0	18	26	2
2384	0	14	29	2
2404	0	10	36	2
2406	0	65	48	2
2410	0	10	27	2
2416	0	12	47	2
2419	0	60	39	2
2420	0	63	46	2
2421	0	11	46	2
2422	0	63	47	2
2424	0	14	32	2
2425	0	61	34	2
2426	0	61	47	2
2427	0	62	35	2
2428	0	64	31	2
2429	0	13	29	2
2430	0	13	27	2
2432	0	66	43	2
2433	0	60	36	2
2434	0	62	41	2
2436	0	62	31	2
2437	0	64	27	2
2438	0	60	42	2
2456	0	10	46	2
2461	0	13	31	2
2462	0	8	32	2
2467	0	62	28	2
2468	0	64	35	2
2469	0	61	42	2
2471	0	65	47	2
2475	0	14	49	2
2477	0	20	34	2
2478	0	61	40	2
2479	0	15	27	2
2480	0	64	45	2
2481	0	64	41	2
2485	0	11	45	2
2488	0	11	25	2
2491	0	13	35	2
2492	0	11	29	2
2502	0	13	49	2
2504	0	8	30	2
2506	0	11	35	2
2508	0	15	44	2
2509	0	65	27	2
2510	0	10	29	2
2512	0	10	31	2
2519	0	11	48	2
2520	0	65	35	2
2521	0	10	33	2
2522	0	35	31	2
2524	0	60	47	2
2526	0	9	38	2
2527	0	64	39	2
2528	0	13	47	2
2531	0	63	41	2
2533	0	7	33	2
2534	0	11	42	2
2535	0	65	32	2
2537	0	61	38	2
2538	0	64	34	2
2539	0	13	44	2
2540	0	11	39	2
2558	0	66	36	2
2560	0	59	45	2
2561	0	11	47	2
2563	0	67	34	2
2564	0	62	26	2
2566	0	8	28	2
2567	0	64	30	2
2568	0	2	24	2
2569	0	66	40	2
2570	0	7	29	2
2571	0	10	34	2
2573	0	62	36	2
2574	0	10	38	2
2575	0	9	33	2
2576	0	11	41	2
2577	0	66	27	2
2578	0	9	44	2
2579	0	64	47	2
2580	0	1	38	2
2581	0	8	27	2
2582	0	62	42	2
2583	0	67	42	2
2587	0	10	41	2
2590	0	7	27	2
2593	0	60	46	2
2594	0	67	47	2
2595	0	10	49	2
2616	0	2	26	2
2619	0	66	47	2
2622	0	3	31	2
2623	0	67	27	2
2625	0	64	46	2
2626	0	67	31	2
2627	0	19	38	2
2628	0	8	37	2
2633	0	67	49	2
2634	0	4	41	2
2639	0	68	33	2
2655	0	70	30	2
2657	0	7	34	2
2658	0	67	37	2
2659	0	68	31	2
2661	0	6	43	2
2665	0	2	38	2
2667	0	8	47	2
2668	0	10	28	2
2669	0	69	38	2
2670	0	67	35	2
2671	0	2	34	2
1928	0	48	34	2
1929	0	28	29	2
1930	0	48	32	2
1931	0	31	35	2
1932	0	46	46	2
1933	0	49	41	2
1935	0	26	34	2
1936	0	50	35	2
1937	0	31	32	2
1939	0	51	26	2
1940	0	50	37	2
1941	0	24	28	2
1942	0	29	31	2
1943	0	28	31	2
1944	0	50	44	2
1945	0	28	47	2
1958	0	53	26	2
1959	0	33	48	2
1961	0	49	38	2
1963	0	48	42	2
1967	0	26	35	2
1972	0	48	33	2
1973	0	28	49	2
1974	0	25	29	2
1976	0	32	27	2
1977	0	28	32	2
1978	0	29	29	2
1979	0	25	28	2
1982	0	31	47	2
1983	0	29	47	2
1984	0	50	38	2
1985	0	26	28	2
1989	0	51	45	2
1990	0	32	36	2
1991	0	49	43	2
1994	0	27	26	2
1995	0	34	47	2
1996	0	33	38	2
1998	0	53	25	2
2011	0	50	27	2
2012	0	49	34	2
2013	0	49	37	2
2015	0	50	34	2
2017	0	29	48	2
2020	0	48	30	2
2022	0	51	37	2
2024	0	53	46	2
2027	0	24	35	2
2033	0	31	46	2
2034	0	27	42	2
2036	0	30	30	2
2037	0	51	29	2
2038	0	49	44	2
2041	0	54	27	2
2044	0	26	26	2
2046	0	49	32	2
2048	0	53	34	2
2049	0	53	44	2
2060	0	29	37	2
2063	0	21	38	2
2067	0	26	42	2
2068	0	52	27	2
2069	0	46	28	2
2072	0	26	40	2
2074	0	26	25	2
2076	0	50	31	2
2077	0	25	43	2
2079	0	53	32	2
2080	0	21	29	2
2081	0	51	38	2
2082	0	50	46	2
2086	0	50	26	2
2087	0	55	26	2
2088	0	25	34	2
2089	0	27	48	2
2091	0	53	36	2
2092	0	51	47	2
2093	0	23	36	2
2094	0	25	25	2
2100	0	27	31	2
2102	0	57	25	2
2115	0	26	41	2
2118	0	21	41	2
2121	0	26	29	2
2123	0	26	45	2
2126	0	27	45	2
2127	0	55	45	2
2128	0	24	32	2
2134	0	59	33	2
2135	0	51	31	2
2137	0	24	30	2
2140	0	25	42	2
2158	0	24	27	2
2159	0	56	27	2
2168	0	54	37	2
2169	0	24	36	2
2171	0	27	46	2
2173	0	52	47	2
2174	0	55	41	2
2175	0	57	29	2
2176	0	52	43	2
2178	0	22	27	2
2184	0	53	41	2
2185	0	52	28	2
2202	0	20	26	2
2205	0	22	30	2
2207	0	53	29	2
2209	0	57	27	2
2212	0	23	31	2
2215	0	24	33	2
2216	0	55	30	2
2218	0	56	28	2
2219	0	25	38	2
2220	0	25	44	2
2225	0	58	32	2
2228	0	22	26	2
2229	0	54	32	2
2230	0	55	42	2
2234	0	58	42	2
2259	0	20	38	2
2262	0	58	26	2
2263	0	25	45	2
2266	0	56	30	2
2268	0	26	48	2
2271	0	57	36	2
2272	0	53	39	2
2675	0	2	28	2
2677	0	68	48	2
2678	0	5	30	2
2679	0	4	34	2
2685	0	68	34	2
2687	0	6	31	2
2708	0	6	36	2
2714	0	68	32	2
2720	0	6	37	2
2721	0	70	37	2
2722	0	1	29	2
2723	0	3	27	2
2724	0	69	43	2
2727	0	4	44	2
2728	0	70	39	2
2729	0	2	43	2
2730	0	70	32	2
2731	0	72	27	2
2732	0	72	29	2
2733	0	2	32	2
2734	0	4	30	2
2735	0	65	34	2
2736	0	70	38	2
2737	0	9	35	2
2738	0	7	44	2
2739	0	3	35	2
2740	0	1	45	2
2741	0	65	39	2
2742	0	67	26	2
2745	0	70	26	2
2746	0	68	38	2
2764	0	69	47	2
2775	0	71	30	2
2778	0	69	37	2
2779	0	1	35	2
2782	0	7	35	2
2783	0	69	33	2
2784	0	69	34	2
2785	0	70	45	2
2786	0	69	27	2
2787	0	67	29	2
2788	0	68	39	2
2789	0	3	40	2
2790	0	71	39	2
2791	0	67	41	2
2795	0	66	28	2
2796	0	5	40	2
2797	0	67	45	2
2798	0	71	26	2
2800	0	5	45	2
2801	0	3	44	2
2802	0	4	35	2
2803	0	7	46	2
2805	0	69	42	2
2806	0	1	41	2
2807	0	72	45	2
2808	0	3	34	2
2811	0	70	36	2
2813	0	73	27	2
2822	0	73	30	2
2823	0	66	29	2
2825	0	2	45	2
2827	0	66	37	2
2828	0	68	43	2
2829	0	6	41	2
2832	0	71	42	2
2833	0	70	41	2
2835	0	68	37	2
2836	0	70	49	2
2838	0	68	47	2
2839	0	68	45	2
2855	0	67	36	2
2857	0	73	32	2
2858	0	3	43	2
2859	0	73	39	2
2860	0	71	38	2
2861	0	5	41	2
2875	0	69	46	2
2876	0	72	30	2
2877	0	68	44	2
2878	0	73	26	2
2880	0	73	47	2
2881	0	76	31	2
2882	0	68	36	2
2883	0	73	41	2
2884	0	74	39	2
2885	0	74	29	2
2887	0	74	31	2
2888	0	69	31	2
2889	0	78	25	2
2890	0	67	48	2
2891	0	72	36	2
2892	0	72	42	2
2894	0	72	38	2
2895	0	72	32	2
2897	0	70	25	2
2899	0	72	44	2
2907	0	68	26	2
2908	0	74	45	2
2909	0	72	39	2
2910	0	71	35	2
2911	0	72	26	2
2912	0	71	41	2
2913	0	73	33	2
2914	0	76	37	2
2915	0	74	26	2
2916	0	76	28	2
2918	0	75	41	2
2920	0	78	39	2
2922	0	71	43	2
2923	0	74	43	2
2924	0	71	29	2
2925	0	75	48	2
2926	0	76	39	2
2927	0	75	32	2
2952	0	77	41	2
2953	0	72	33	2
2954	0	74	30	2
2955	0	74	40	2
2956	0	77	33	2
2957	0	74	34	2
2958	0	77	31	2
2959	0	74	48	2
2960	0	72	31	2
2961	0	75	37	2
2962	0	74	32	2
2964	0	75	38	2
2965	0	72	35	2
2966	0	75	26	2
2967	0	73	46	2
2973	0	78	43	2
2975	0	77	48	2
2977	0	75	42	2
2979	0	43	65	3
2980	0	40	57	3
2981	0	41	66	3
2982	0	40	68	3
2983	0	39	55	3
2985	0	36	59	3
2986	0	42	56	3
2987	0	42	60	3
2988	0	42	68	3
2989	0	39	58	3
2990	0	38	69	3
2991	0	39	64	3
2992	0	38	52	3
2994	0	42	62	3
2995	0	40	72	3
3000	0	39	74	3
3005	0	42	71	3
3006	0	39	57	3
3008	0	39	60	3
3010	0	41	53	3
3011	0	43	67	3
3012	0	41	68	3
3013	0	45	60	3
3014	0	41	51	3
3015	0	43	57	3
3016	0	40	58	3
3018	0	41	74	3
3019	0	36	55	3
3020	0	43	69	3
3021	0	41	64	3
3025	0	43	66	3
3026	0	43	56	3
3027	0	37	67	3
3029	0	41	62	3
3030	0	36	52	3
3031	0	36	58	3
3032	0	41	71	3
3033	0	36	64	3
3036	0	36	65	3
3037	0	38	61	3
3050	0	44	60	3
3055	0	42	51	3
3059	0	45	53	3
3061	0	38	70	3
3062	0	37	57	3
3063	0	42	63	3
3064	0	42	74	3
3065	0	40	66	3
3066	0	39	73	3
3067	0	40	54	3
3069	0	39	59	3
3070	0	42	57	3
3074	0	42	72	3
3078	0	30	67	3
3079	0	45	57	3
3082	0	40	51	3
3084	0	43	70	3
3085	0	34	69	3
3094	0	37	60	3
3097	0	41	58	3
3099	0	41	70	3
3102	0	44	74	3
3104	0	47	52	3
3105	0	37	68	3
3106	0	46	63	3
3107	0	45	59	3
3108	0	46	68	3
3109	0	40	73	3
3111	0	39	63	3
3112	0	41	52	3
3113	0	43	54	3
3114	0	38	71	3
3116	0	39	69	3
3117	0	39	68	3
3118	0	44	59	3
3119	0	44	66	3
3123	0	43	60	3
3124	0	33	50	3
3125	0	48	69	3
3126	0	48	52	3
3128	0	46	56	3
3143	0	42	67	3
3148	0	46	64	3
3149	0	36	74	3
3150	0	47	54	3
3151	0	38	63	3
3152	0	32	52	3
3153	0	64	73	3
3154	0	34	54	3
3155	0	34	50	3
3156	0	39	52	3
3158	0	43	51	3
3160	0	33	60	3
3162	0	45	55	3
3163	0	38	72	3
3164	0	44	61	3
3166	0	38	56	3
3168	0	43	59	3
3169	0	38	57	3
3170	0	38	73	3
3171	0	37	76	3
3172	0	33	69	3
3173	0	45	72	3
3175	0	33	61	3
3176	0	43	62	3
3177	0	33	68	3
3178	0	35	51	3
3181	0	38	54	3
3185	0	43	58	3
3186	0	44	53	3
3187	0	44	64	3
3190	0	41	59	3
3191	0	35	54	3
3192	0	36	60	3
3193	0	46	50	3
3195	0	47	56	3
3199	0	46	58	3
3200	0	32	63	3
3201	0	34	72	3
3202	0	33	65	3
3203	0	44	52	3
3205	0	34	64	3
3206	0	46	53	3
3207	0	37	71	3
3209	0	42	54	3
3210	0	44	67	3
3211	0	44	56	3
3212	0	32	59	3
3214	0	33	56	3
3216	0	36	51	3
3217	0	39	65	3
3218	0	44	57	3
3219	0	48	71	3
3230	0	33	67	3
3231	0	35	55	3
3233	0	35	61	3
3234	0	49	62	3
3235	0	44	69	3
3236	0	29	52	3
3237	0	35	77	3
3238	0	34	60	3
3240	0	33	71	3
3241	0	49	61	3
3242	0	47	55	3
3243	0	35	65	3
3244	0	47	53	3
3245	0	45	52	3
3246	0	47	63	3
3248	0	34	52	3
3250	0	47	68	3
3251	0	44	71	3
3252	0	47	60	3
3254	0	47	57	3
3255	0	50	55	3
3256	0	45	58	3
3257	0	35	60	3
3258	0	30	72	3
3259	0	45	56	3
3260	0	29	67	3
3261	0	45	73	3
3263	0	32	64	3
3264	0	31	62	3
3266	0	34	71	3
3268	0	45	62	3
3269	0	29	62	3
3270	0	47	72	3
3271	0	30	58	3
3280	0	33	53	3
3281	0	47	62	3
3282	0	32	66	3
3284	0	33	72	3
3285	0	45	69	3
3287	0	33	57	3
3288	0	34	73	3
3291	0	30	69	3
3293	0	34	63	3
3294	0	32	68	3
3295	0	48	57	3
3297	0	48	55	3
3298	0	31	51	3
3299	0	31	71	3
3301	0	46	57	3
3302	0	52	61	3
3303	0	46	74	3
3304	0	50	56	3
3305	0	48	72	3
3306	0	50	64	3
3309	0	28	62	3
3310	0	30	73	3
3311	0	31	54	3
3312	0	32	58	3
3313	0	46	61	3
3314	0	33	59	3
3315	0	33	55	3
3317	0	28	52	3
3318	0	31	63	3
3319	0	48	54	3
3321	0	32	62	3
3323	0	48	64	3
3324	0	49	59	3
3325	0	34	74	3
3337	0	30	51	3
3338	0	50	53	3
3339	0	49	51	3
3340	0	32	69	3
3343	0	51	59	3
3344	0	27	50	3
3346	0	30	54	3
3347	0	32	61	3
3348	0	49	64	3
3784	0	15	64	3
3785	0	19	58	3
3794	0	64	74	3
3795	0	60	70	3
3796	0	41	61	3
3830	0	62	74	3
3835	0	17	56	3
3836	0	16	66	3
3840	0	60	71	3
3843	0	14	73	3
3844	0	18	72	3
3846	0	13	69	3
3848	0	14	63	3
3882	0	64	58	3
3886	0	61	52	3
3887	0	19	61	3
3891	0	17	53	3
3895	0	15	58	3
3898	0	60	56	3
3903	0	64	68	3
3905	0	65	55	3
3937	0	63	61	3
3942	0	8	71	3
3943	0	13	56	3
3945	0	11	64	3
3946	0	15	72	3
3948	0	13	73	3
3967	0	59	53	3
3988	0	10	70	3
3990	0	64	55	3
3991	0	11	60	3
3992	0	63	70	3
3994	0	64	62	3
3997	0	13	67	3
3998	0	14	68	3
4002	0	9	70	3
4003	0	11	71	3
4049	0	9	71	3
4051	0	12	63	3
4052	0	63	58	3
4053	0	12	61	3
4056	0	68	67	3
4057	0	63	65	3
4058	0	66	55	3
4059	0	10	74	3
4069	0	9	58	3
4070	0	68	74	3
4071	0	70	54	3
4072	0	7	65	3
4079	0	7	57	3
4092	0	11	56	3
4093	0	67	57	3
4094	0	69	59	3
4096	0	9	61	3
4097	0	8	55	3
4098	0	62	62	3
4100	0	3	54	3
4102	0	13	61	3
4103	0	66	74	3
4104	0	64	65	3
4105	0	10	72	3
4111	0	25	60	3
4118	0	7	62	3
4120	0	67	61	3
4121	0	64	61	3
4126	0	3	55	3
4127	0	9	69	3
4128	0	10	55	3
4133	0	69	57	3
4134	0	70	56	3
4151	0	67	53	3
4153	0	7	56	3
4155	0	8	58	3
4156	0	5	56	3
4157	0	66	65	3
3350	0	28	60	3
3351	0	50	60	3
3354	0	47	74	3
3355	0	48	56	3
3356	0	29	64	3
3357	0	28	72	3
3359	0	50	68	3
3360	0	47	58	3
3361	0	29	74	3
3362	0	31	65	3
3365	0	31	69	3
3380	0	49	56	3
3381	0	27	51	3
3384	0	28	61	3
3385	0	29	73	3
3386	0	31	61	3
3387	0	25	67	3
3388	0	48	60	3
3389	0	27	56	3
3390	0	51	70	3
3391	0	50	58	3
3392	0	49	69	3
3393	0	31	70	3
3394	0	29	71	3
3396	0	47	64	3
3397	0	50	67	3
3398	0	26	52	3
3399	0	27	58	3
3405	0	30	53	3
3406	0	31	58	3
3407	0	51	65	3
3409	0	50	63	3
3410	0	47	59	3
3412	0	51	73	3
3414	0	53	60	3
3417	0	28	73	3
3418	0	51	52	3
3420	0	53	62	3
3430	0	48	51	3
3433	0	30	61	3
3434	0	50	52	3
3436	0	27	72	3
3437	0	48	70	3
3439	0	49	63	3
3440	0	48	58	3
3441	0	47	71	3
3442	0	30	57	3
3443	0	49	54	3
3445	0	25	68	3
3446	0	27	61	3
3447	0	55	51	3
3448	0	27	69	3
3449	0	28	59	3
3452	0	30	70	3
3453	0	50	69	3
3454	0	51	50	3
3456	0	29	57	3
3457	0	52	57	3
3459	0	22	64	3
3460	0	49	50	3
3461	0	53	51	3
3465	0	31	55	3
3476	0	51	61	3
3479	0	53	66	3
3480	0	26	69	3
3481	0	26	67	3
3482	0	26	65	3
3484	0	26	71	3
3485	0	49	70	3
3487	0	25	52	3
3489	0	58	52	3
3491	0	23	68	3
3493	0	24	55	3
3496	0	50	66	3
3498	0	52	60	3
3500	0	51	69	3
3501	0	53	64	3
3502	0	25	56	3
3503	0	53	56	3
3504	0	22	73	3
3505	0	53	70	3
3506	0	20	71	3
3507	0	27	59	3
3508	0	49	71	3
3509	0	49	57	3
3528	0	26	59	3
3531	0	53	61	3
3535	0	22	62	3
3536	0	21	66	3
3537	0	51	54	3
3539	0	54	54	3
3541	0	51	63	3
3542	0	53	71	3
3546	0	26	51	3
3547	0	58	57	3
3549	0	20	59	3
3550	0	51	53	3
3554	0	25	58	3
3560	0	57	58	3
3574	0	51	51	3
3575	0	56	67	3
3576	0	21	72	3
3579	0	21	63	3
3580	0	25	51	3
3581	0	55	52	3
3582	0	50	57	3
3586	0	24	54	3
3587	0	26	53	3
3588	0	22	71	3
3589	0	53	73	3
3590	0	23	56	3
3591	0	56	72	3
3594	0	23	69	3
3596	0	57	53	3
3598	0	26	66	3
3603	0	23	74	3
3604	0	52	58	3
3605	0	20	64	3
3607	0	58	54	3
3629	0	54	52	3
3630	0	22	63	3
3631	0	56	51	3
3632	0	21	54	3
3636	0	24	69	3
3637	0	25	65	3
3638	0	24	59	3
3639	0	22	69	3
3640	0	23	51	3
3641	0	56	54	3
3642	0	21	50	3
3646	0	21	61	3
3655	0	52	63	3
3668	0	55	65	3
3669	0	58	50	3
3670	0	53	53	3
3677	0	56	59	3
3678	0	20	65	3
3680	0	58	66	3
3682	0	20	67	3
3683	0	52	67	3
3687	0	55	71	3
3688	0	23	70	3
3690	0	56	73	3
3691	0	22	66	3
3695	0	55	68	3
4176	0	3	53	3
4179	0	71	53	3
4182	0	66	66	3
4188	0	4	71	3
4210	0	67	72	3
4214	0	67	68	3
4216	0	65	65	3
4217	0	6	64	3
4219	0	1	57	3
4220	0	6	57	3
4223	0	4	55	3
4224	0	7	61	3
4226	0	7	63	3
4228	0	7	59	3
4229	0	69	51	3
4231	0	69	70	3
4273	0	71	71	3
4275	0	67	52	3
4276	0	67	51	3
4281	0	8	72	3
4286	0	66	70	3
4287	0	67	64	3
4288	0	4	54	3
4290	0	70	53	3
4291	0	71	68	3
4307	0	69	73	3
4308	0	1	73	3
4309	0	66	53	3
4310	0	70	61	3
4311	0	7	66	3
4312	0	3	51	3
4313	0	1	56	3
4314	0	3	63	3
4318	0	4	52	3
4320	0	7	72	3
4321	0	5	71	3
4323	0	72	59	3
4325	0	5	58	3
4326	0	5	69	3
4327	0	2	65	3
4331	0	72	53	3
4333	0	71	61	3
4334	0	66	62	3
4337	0	4	53	3
4341	0	6	76	3
4378	0	67	55	3
4391	0	2	63	3
4394	0	69	55	3
4396	0	3	60	3
4398	0	72	62	3
4401	0	72	74	3
4403	0	3	72	3
4404	0	2	73	3
4405	0	73	56	3
4407	0	6	61	3
4408	0	5	67	3
4409	0	68	69	3
4410	0	72	61	3
4411	0	4	63	3
4412	0	71	62	3
4415	0	73	70	3
4416	0	3	64	3
4419	0	70	69	3
4420	0	72	72	3
4421	0	69	52	3
4422	0	69	71	3
4423	0	3	71	3
4424	0	68	62	3
4425	0	3	70	3
4427	0	73	65	3
4437	0	73	54	3
4442	0	71	72	3
4445	0	77	51	3
4446	0	71	73	3
4447	0	70	51	3
4448	0	73	72	3
1	1	27	11	0
7	1	13	13	0
12	1	77	3	0
13	1	10	21	0
14	1	75	19	0
15	1	46	10	0
16	1	3	19	0
17	1	30	9	0
18	1	16	18	0
24	1	4	4	0
38	1	10	0	0
39	1	63	17	0
40	1	72	10	0
41	1	6	16	0
45	1	10	23	0
49	1	7	13	0
50	1	45	13	0
59	1	58	14	0
60	1	18	7	0
62	1	13	7	0
63	1	72	16	0
65	1	67	24	0
68	1	63	16	0
69	1	4	3	0
70	1	55	21	0
71	1	21	21	0
72	1	28	18	0
73	1	78	19	0
80	1	75	1	0
85	1	68	9	0
87	1	62	20	0
96	1	72	5	0
98	1	40	4	0
99	1	61	7	0
101	1	19	19	0
110	1	0	8	0
115	1	51	11	0
116	1	11	13	0
117	1	11	9	0
121	1	39	3	0
126	1	64	7	0
141	1	56	4	0
148	1	67	10	0
150	1	62	23	0
166	1	69	22	0
167	1	18	8	0
168	1	23	3	0
169	1	66	4	0
171	1	71	10	0
173	1	5	24	0
178	1	17	19	0
179	1	6	1	0
180	1	52	10	0
190	1	25	4	0
194	1	70	8	0
202	1	2	2	0
208	1	41	0	0
216	1	14	22	0
219	1	18	14	0
220	1	12	9	0
222	1	14	8	0
225	1	60	6	0
226	1	69	0	0
236	1	22	0	0
237	1	60	19	0
238	1	6	4	0
248	1	11	3	0
254	1	76	24	0
269	1	2	1	0
270	1	15	0	0
272	1	70	22	0
274	1	25	5	0
275	1	79	5	0
278	1	69	10	0
279	1	71	7	0
284	1	29	3	0
285	1	41	14	0
288	1	16	7	0
307	1	19	13	0
320	1	12	20	0
330	1	32	13	0
332	1	68	20	0
334	1	61	23	0
335	1	31	21	0
337	1	12	16	0
338	1	1	6	0
339	1	17	0	0
344	1	18	6	0
347	1	59	6	0
351	1	2	7	0
352	1	65	7	0
358	1	13	19	0
361	1	9	21	0
372	1	15	13	0
375	1	25	23	0
378	1	79	15	0
383	1	60	18	0
385	1	36	4	0
406	1	77	14	0
424	1	67	7	0
458	1	22	1	0
466	1	40	24	0
478	1	68	18	0
484	1	45	19	0
491	1	45	14	0
497	1	48	22	0
506	1	66	23	0
511	1	21	18	0
522	1	25	16	0
528	1	3	9	0
529	1	18	13	0
532	1	25	22	0
540	1	41	17	0
544	1	12	7	0
546	1	22	18	0
549	1	7	18	0
555	1	1	18	0
557	1	45	21	0
563	1	25	7	0
582	1	57	14	0
585	1	69	9	0
593	1	57	8	0
597	1	50	20	0
603	1	13	23	0
605	1	36	19	0
607	1	74	8	0
630	1	1	14	0
632	1	32	17	0
639	1	79	11	0
641	1	64	14	0
645	1	77	6	0
646	1	9	11	0
647	1	74	1	0
659	1	66	20	0
674	1	77	20	0
685	1	25	17	0
690	1	0	17	0
692	1	4	6	0
697	1	72	15	0
704	1	65	4	0
705	1	2	10	0
707	1	27	1	0
716	1	49	17	0
721	1	61	2	0
723	1	63	14	0
726	1	10	13	0
727	1	71	24	0
732	1	60	20	0
734	1	63	6	0
738	1	59	14	0
739	1	30	20	0
750	1	77	15	0
753	1	72	12	0
755	1	22	10	0
759	1	17	20	0
770	1	77	22	0
771	1	26	9	0
775	1	24	22	0
779	1	67	9	0
782	1	12	18	0
787	1	12	14	0
791	1	12	3	0
792	1	37	0	0
798	1	77	8	0
810	1	9	7	0
816	1	64	15	0
817	1	62	2	0
819	1	14	3	0
820	1	64	21	0
821	1	73	18	0
822	1	25	12	0
823	1	46	11	0
824	1	13	10	0
825	1	60	15	0
826	1	14	19	0
827	1	66	10	0
828	1	61	24	0
829	1	22	4	0
830	1	34	1	0
832	1	42	0	0
831	1	38	7	0
833	1	21	7	0
834	1	74	11	0
835	1	69	18	0
836	1	16	15	0
837	1	68	23	0
838	1	8	14	0
839	1	77	10	0
840	1	41	20	0
841	1	38	1	0
842	1	27	19	0
843	1	26	21	0
844	1	23	9	0
845	1	9	22	0
846	1	17	8	0
847	1	50	21	0
848	1	72	21	0
849	1	25	1	0
850	1	64	8	0
851	1	8	5	0
852	1	13	22	0
853	1	14	24	0
854	1	25	15	0
855	1	50	22	0
856	1	55	1	0
857	1	53	20	0
858	1	56	23	0
860	1	76	23	0
861	1	65	3	0
862	1	18	10	0
863	1	63	11	0
864	1	43	10	0
865	1	57	22	0
866	1	10	17	0
867	1	14	9	0
868	1	18	4	0
869	1	75	12	0
870	1	19	15	0
871	1	43	21	0
872	1	69	24	0
873	1	54	18	0
874	1	77	17	0
875	1	57	7	0
876	1	62	11	0
877	1	42	20	0
878	1	73	0	0
879	1	53	5	0
880	1	72	0	0
881	1	33	18	0
882	1	63	12	0
883	1	68	14	0
884	1	13	9	0
885	1	19	23	0
886	1	62	15	0
887	1	33	14	0
888	1	76	8	0
889	1	66	16	0
890	1	53	13	0
891	1	32	23	0
892	1	31	17	0
893	1	5	1	0
894	1	77	19	0
895	1	32	24	0
896	1	75	5	0
897	1	45	16	0
898	1	25	6	0
899	1	17	12	0
900	1	54	6	0
901	1	0	9	0
902	1	64	4	0
903	1	20	4	0
904	1	38	18	0
905	1	11	4	0
906	1	58	18	0
907	1	43	22	0
908	1	71	8	0
909	1	43	16	0
910	1	59	19	0
911	1	77	2	0
912	1	4	20	0
913	1	20	5	0
914	1	14	16	0
915	1	65	20	0
916	1	75	23	0
917	1	6	9	0
918	1	21	23	0
919	1	63	20	0
920	1	42	18	0
921	1	73	7	0
922	1	37	22	0
923	1	8	9	0
924	1	74	0	0
925	1	4	7	0
926	1	70	11	0
927	1	4	23	0
928	1	13	8	0
929	1	46	0	0
930	1	3	23	0
931	1	19	0	0
932	1	59	18	0
933	1	64	9	0
934	1	28	15	0
935	1	56	0	0
936	1	4	12	0
938	1	61	17	0
939	1	10	5	0
940	1	73	4	0
941	1	64	2	0
942	1	67	5	0
943	1	51	24	0
945	1	34	21	0
946	1	15	17	0
947	1	76	20	0
948	1	66	24	0
949	1	10	2	0
950	1	23	7	0
951	1	7	9	0
952	1	64	13	0
953	1	17	18	0
954	1	2	23	0
955	1	20	1	0
956	1	8	0	0
957	1	39	14	0
958	1	3	14	0
959	1	8	3	0
960	1	9	24	0
961	1	1	15	0
962	1	7	14	0
963	1	76	6	0
964	1	75	8	0
965	1	62	17	0
966	1	10	6	0
967	1	43	9	0
968	1	77	1	0
969	1	44	2	0
970	1	5	11	0
971	1	14	13	0
972	1	1	2	0
973	1	15	4	0
974	1	32	0	0
975	1	11	18	0
976	1	62	18	0
977	1	11	14	0
978	1	26	15	0
979	1	58	2	0
980	1	49	6	0
981	1	40	0	0
982	1	25	24	0
983	1	16	22	0
984	1	23	10	0
985	1	70	15	0
986	1	0	0	0
987	1	67	18	0
988	1	59	22	0
989	1	55	9	0
990	1	33	22	0
991	1	19	8	0
992	1	70	0	0
993	1	57	15	0
994	1	38	4	0
995	1	62	9	0
996	1	73	23	0
997	1	34	23	0
998	1	28	5	0
999	1	56	1	0
1000	1	19	16	0
1001	1	15	5	0
1002	1	25	11	0
1003	1	49	11	0
1004	1	38	11	0
1005	1	8	17	0
1006	1	3	20	0
1007	1	11	19	0
1008	1	64	17	0
1009	1	75	17	0
1010	1	46	18	0
1011	1	5	20	0
1013	1	47	5	0
1014	1	39	8	0
1015	1	0	5	0
1016	1	59	5	0
1017	1	58	6	0
1018	1	19	24	0
1019	1	62	4	0
1020	1	0	6	0
1021	1	14	1	0
1022	1	54	4	0
1023	1	29	2	0
1024	1	9	2	0
1025	1	56	16	0
1026	1	78	6	0
1027	1	73	21	0
1028	1	42	15	0
1029	1	69	8	0
1030	1	65	9	0
1031	1	14	10	0
1032	1	31	1	0
1033	1	6	10	0
1034	1	71	11	0
1035	1	0	3	0
1036	1	41	18	0
1037	1	67	11	0
1038	1	58	1	0
1039	1	7	4	0
1040	1	65	6	0
1041	1	1	19	0
1042	1	20	23	0
1043	1	9	13	0
1044	1	76	15	0
1045	1	79	8	0
1046	1	8	23	0
1047	1	72	13	0
1048	1	15	16	0
1049	1	72	17	0
1050	1	59	16	0
1051	1	63	23	0
1052	1	15	11	0
1053	1	18	0	0
1054	1	28	1	0
1055	1	39	0	0
1056	1	49	18	0
1057	1	22	2	0
1058	1	29	21	0
1059	1	68	19	0
1060	1	32	9	0
1061	1	59	11	0
1063	1	36	0	0
1064	1	57	1	0
1065	1	14	5	0
1066	1	60	11	0
1067	1	68	5	0
1068	1	8	7	0
1069	1	17	16	0
1070	1	9	19	0
1071	1	2	0	0
1072	1	67	4	0
1073	1	9	14	0
1074	1	54	21	0
1075	1	3	15	0
1076	1	28	9	0
1077	1	74	5	0
1078	1	50	4	0
1079	1	38	10	0
1080	1	64	23	0
1081	1	0	19	0
1082	1	47	14	0
1083	1	1	22	0
1084	1	11	1	0
1085	1	31	4	0
1086	1	61	18	0
1087	1	16	17	0
1088	1	6	7	0
1089	1	0	12	0
1090	1	42	19	0
1091	1	66	21	0
1092	1	5	10	0
1093	1	59	12	0
1094	1	2	11	0
1095	1	69	1	0
1096	1	42	13	0
1097	1	19	5	0
1098	1	16	1	0
1099	1	62	8	0
1100	1	31	6	0
1101	1	14	12	0
1102	1	15	7	0
1103	1	13	11	0
1105	1	39	15	0
1104	1	67	19	0
1106	1	2	22	0
1107	1	26	2	0
1108	1	31	23	0
1109	1	6	20	0
1110	1	78	14	0
1111	1	38	5	0
1112	1	77	5	0
1113	1	76	0	0
1115	1	17	10	0
1116	1	60	16	0
1117	1	61	10	0
1118	1	72	9	0
1119	1	27	22	0
1121	1	62	6	0
1123	1	64	12	0
1124	1	9	10	0
1125	1	79	22	0
1126	1	22	24	0
1127	1	28	4	0
1128	1	18	18	0
1129	1	18	5	0
1130	1	43	20	0
1131	1	6	17	0
1132	1	71	4	0
1133	1	73	17	0
1134	1	59	21	0
1135	1	78	10	0
1136	1	43	1	0
1137	1	32	12	0
1138	1	8	19	0
1139	1	56	19	0
1140	1	44	13	0
1141	1	30	0	0
1142	1	72	7	0
1143	1	38	22	0
1144	1	37	13	0
1145	1	15	14	0
1147	1	7	1	0
1148	1	1	8	0
1149	1	65	24	0
1150	1	36	10	0
1151	1	8	24	0
1152	1	8	2	0
1153	1	49	19	0
1154	1	15	22	0
1155	1	17	14	0
1156	1	15	21	0
1157	1	54	22	0
1158	1	9	4	0
1159	1	70	18	0
1160	1	60	10	0
1161	1	13	3	0
1162	1	12	13	0
1163	1	11	8	0
1164	1	4	2	0
1165	1	6	13	0
1166	1	4	16	0
1167	1	69	16	0
1169	1	8	18	0
1168	1	4	10	0
1170	1	61	13	0
1171	1	43	4	0
1172	1	15	23	0
1173	1	76	22	0
1174	1	1	13	0
1175	1	47	21	0
1176	1	9	3	0
1177	1	15	12	0
1178	1	23	11	0
1179	1	63	24	0
1180	1	53	11	0
1181	1	57	19	0
1182	1	34	9	0
1183	1	10	4	0
1184	1	58	22	0
1185	1	10	3	0
1186	1	49	9	0
1187	1	61	0	0
1188	1	58	12	0
1189	1	27	9	0
1190	1	1	24	0
1192	1	77	12	0
1191	1	16	5	0
1193	1	59	10	0
1194	1	12	24	0
1195	1	2	17	0
1196	1	18	3	0
1197	1	71	20	0
1198	1	55	24	0
1199	1	4	24	0
1200	1	20	18	0
1201	1	15	8	0
1202	1	41	6	0
1203	1	68	22	0
1204	1	79	2	0
1205	1	2	12	0
1206	1	68	4	0
1207	1	40	15	0
1208	1	42	10	0
1209	1	24	19	0
1210	1	60	23	0
1211	1	28	14	0
1212	1	17	15	0
1213	1	12	11	0
1214	1	75	0	0
1215	1	39	20	0
1216	1	35	2	0
1217	1	41	24	0
1218	1	11	16	0
1219	1	68	6	0
1220	1	62	22	0
1221	1	9	18	0
1222	1	65	21	0
1223	1	75	14	0
1224	1	68	3	0
1225	1	5	7	0
1226	1	5	4	0
1227	1	74	17	0
1228	1	16	10	0
1229	1	10	12	0
1230	1	37	5	0
1231	1	65	5	0
1232	1	5	23	0
1233	1	72	1	0
1234	1	53	10	0
1235	1	4	15	0
1236	1	3	13	0
1237	1	54	2	0
1238	1	13	20	0
1239	1	16	6	0
1240	1	65	18	0
1241	1	69	17	0
1243	1	76	21	0
1244	1	26	24	0
1245	1	12	2	0
1246	1	6	15	0
1247	1	73	3	0
1248	1	11	0	0
1249	1	35	7	0
1250	1	22	19	0
1251	1	79	20	0
1253	1	15	15	0
1252	1	78	8	0
1254	1	41	8	0
1255	1	14	21	0
1256	1	73	8	0
1257	1	21	12	0
1258	1	30	1	0
1259	1	22	9	0
1260	1	52	23	0
1261	1	75	15	0
1262	1	12	4	0
1263	1	66	7	0
1264	1	9	12	0
1265	1	14	11	0
1266	1	36	5	0
1267	1	23	17	0
1268	1	54	24	0
1269	1	1	9	0
1270	1	1	20	0
1271	1	7	12	0
1272	1	57	11	0
1273	1	9	23	0
1274	1	35	6	0
1275	1	16	12	0
1276	1	18	9	0
1277	1	6	8	0
1278	1	59	17	0
1279	1	79	9	0
1280	1	75	20	0
1281	1	60	4	0
1282	1	1	17	0
1283	1	47	13	0
1284	1	4	17	0
1285	1	55	19	0
1287	1	11	12	0
1288	1	59	2	0
1289	1	69	3	0
1290	1	54	1	0
1291	1	67	12	0
1296	1	73	16	0
1297	1	29	24	0
1299	1	74	15	0
1300	1	11	22	0
1301	1	7	23	0
1303	1	56	9	0
1306	1	17	3	0
1307	1	78	21	0
1310	1	56	12	0
1311	1	63	21	0
1314	1	24	21	0
1315	1	10	1	0
1317	1	13	16	0
1319	1	17	4	0
1321	1	10	18	0
1322	1	32	7	0
1325	1	74	10	0
1330	1	58	23	0
1331	1	63	8	0
1332	1	64	22	0
1333	1	67	20	0
1337	1	14	0	0
1339	1	5	18	0
1342	1	19	20	0
1348	1	71	18	0
1351	1	14	15	0
1355	1	10	11	0
1356	1	57	13	0
1357	1	18	17	0
1358	1	13	24	0
1363	1	56	15	0
1366	1	54	10	0
1367	1	17	22	0
1368	1	11	5	0
1369	1	2	3	0
1370	1	43	8	0
1376	1	77	13	0
1377	1	24	16	0
1379	1	0	20	0
1380	1	5	12	0
1387	1	72	22	0
1389	1	5	6	0
1391	1	78	13	0
1397	1	5	14	0
1404	1	35	23	0
1407	1	37	16	0
1411	1	71	2	0
1412	1	75	3	0
1413	1	27	24	0
1416	1	76	12	0
1419	1	23	20	0
1421	1	76	1	0
1422	1	20	0	0
1424	1	5	5	0
1429	1	49	22	0
1430	1	32	21	0
1435	1	60	7	0
1437	1	75	6	0
1440	1	12	15	0
1443	1	68	12	0
1448	1	50	18	0
1449	1	17	9	0
1450	1	42	1	0
1452	1	31	0	0
1454	1	20	12	0
1456	1	4	18	0
1458	1	40	13	0
1461	1	22	22	0
1470	1	63	18	0
1473	1	23	5	0
1476	1	67	17	0
1477	1	36	13	0
1481	1	69	23	0
1482	1	59	20	0
1483	1	63	1	0
1487	1	60	14	0
1488	1	40	5	0
1495	1	64	11	0
1496	1	9	20	0
1498	1	70	2	0
1499	1	72	14	0
1503	1	72	23	0
1508	1	13	18	0
1509	1	77	18	0
1512	1	72	24	0
1513	1	70	24	0
1516	1	31	3	0
1517	1	49	12	0
1518	1	58	17	0
1519	1	52	0	0
1524	1	22	8	0
1525	1	2	6	0
1527	1	24	15	0
1529	1	75	18	0
1534	1	74	9	0
1535	1	66	3	0
1536	1	6	2	0
1541	1	29	8	0
1542	1	21	16	0
1549	1	18	20	0
1554	1	61	9	0
1555	1	50	16	0
1557	1	47	36	1
1562	1	0	47	1
1565	1	0	37	1
1566	1	63	28	1
1568	1	55	27	1
1569	1	60	45	1
1570	1	37	38	1
1572	1	42	46	1
1573	1	60	40	1
1574	1	56	25	1
1575	1	55	40	1
1576	1	16	32	1
1577	1	18	45	1
1579	1	63	35	1
1580	1	32	38	1
1581	1	47	40	1
1584	1	51	33	1
1585	1	71	27	1
1589	1	20	43	1
1590	1	66	26	1
1591	1	74	28	1
1592	1	0	48	1
1596	1	78	32	1
1597	1	37	42	1
1599	1	13	36	1
1600	1	39	43	1
1601	1	58	29	1
1605	1	4	45	1
1612	1	64	25	1
1613	1	78	35	1
1615	1	8	45	1
1616	1	64	28	1
1618	1	54	45	1
1620	1	14	43	1
1622	1	79	36	1
1623	1	1	30	1
1624	1	39	26	1
1625	1	14	41	1
1626	1	76	41	1
1627	1	32	31	1
1628	1	40	36	1
1629	1	4	38	1
1630	1	10	39	1
1631	1	78	48	1
1632	1	26	32	1
1635	1	33	49	1
1636	1	61	25	1
1640	1	61	28	1
1642	1	24	39	1
1648	1	15	26	1
1651	1	73	35	1
1655	1	16	34	1
1656	1	13	25	1
1657	1	24	47	1
1658	1	71	48	1
1660	1	65	28	1
1661	1	21	25	1
1662	1	3	26	1
1663	1	3	46	1
1664	1	47	30	1
1665	1	67	32	1
1666	1	5	27	1
1667	1	28	38	1
1668	1	21	40	1
1669	1	18	40	1
1670	1	40	25	1
1671	1	30	48	1
1672	1	1	37	1
1673	1	23	27	1
1674	1	29	35	1
1675	1	52	35	1
1676	1	70	27	1
1677	1	13	34	1
1678	1	29	40	1
1679	1	44	48	1
1680	1	12	48	1
1681	1	8	38	1
1683	1	20	48	1
1684	1	17	45	1
1688	1	35	39	1
1690	1	69	26	1
1692	1	5	44	1
1694	1	38	47	1
1695	1	77	40	1
1696	1	53	38	1
1697	1	29	33	1
1699	1	49	46	1
1700	1	79	31	1
1702	1	6	32	1
1703	1	6	47	1
1705	1	4	27	1
1709	1	64	37	1
1710	1	65	26	1
1711	1	39	46	1
1712	1	22	43	1
1713	1	26	30	1
1714	1	16	33	1
1715	1	12	37	1
1716	1	52	26	1
1719	1	57	30	1
1720	1	38	41	1
1721	1	65	46	1
1730	1	79	40	1
1731	1	9	46	1
1735	1	2	31	1
1736	1	28	25	1
1739	1	21	33	1
1741	1	20	25	1
1743	1	39	25	1
1746	1	4	39	1
1747	1	22	33	1
1750	1	58	31	1
1751	1	14	33	1
1753	1	1	46	1
1754	1	50	45	1
1755	1	15	34	1
1756	1	21	26	1
1757	1	23	45	1
1758	1	54	42	1
1759	1	58	36	1
1760	1	1	25	1
1762	1	7	39	1
1763	1	44	47	1
1764	1	0	27	1
1765	1	38	44	1
1773	1	71	49	1
1775	1	73	36	1
1776	1	43	26	1
1777	1	23	35	1
1778	1	35	48	1
1780	1	3	29	1
1784	1	16	38	1
1785	1	45	33	1
1793	1	13	43	1
1794	1	32	43	1
1795	1	6	30	1
1797	1	33	28	1
1798	1	0	42	1
1799	1	7	43	1
1801	1	17	36	1
1802	1	17	31	1
1803	1	73	45	1
1804	1	50	29	1
1805	1	58	25	1
1806	1	27	33	1
1807	1	20	31	1
1808	1	58	49	1
1812	1	41	29	1
1813	1	45	49	1
1815	1	52	37	1
1816	1	4	46	1
1821	1	20	32	1
1822	1	32	46	1
1823	1	9	31	1
1824	1	74	36	1
1826	1	54	44	1
1827	1	60	30	1
1832	1	65	31	1
1836	1	60	27	1
1837	1	31	27	1
1839	1	62	37	1
1843	1	61	35	1
1849	1	23	43	1
1853	1	36	27	1
1854	1	12	32	1
1855	1	11	33	1
1856	1	13	46	1
1857	1	52	29	1
1858	1	69	40	1
1859	1	56	31	1
1860	1	13	41	1
1861	1	17	28	1
1863	1	52	32	1
1865	1	19	35	1
1867	1	45	28	1
1869	1	70	33	1
1870	1	5	46	1
1872	1	4	33	1
1873	1	63	49	1
1874	1	57	49	1
1877	1	48	49	1
1880	1	69	45	1
1882	1	41	46	1
1890	1	21	49	1
1891	1	4	48	1
1892	1	0	44	1
1893	1	70	48	1
1895	1	13	26	1
1896	1	57	31	1
1899	1	79	42	1
1900	1	64	38	1
1901	1	7	25	1
1902	1	8	26	1
1903	1	10	48	1
1904	1	61	37	1
1905	1	33	40	1
1906	1	66	31	1
1907	1	8	44	1
1908	1	56	40	1
1909	1	38	30	1
1910	1	35	26	1
1911	1	53	33	1
1913	1	19	25	1
1915	1	32	48	1
1916	1	23	46	1
1918	1	16	43	1
1919	1	3	28	1
1920	1	52	25	1
1921	1	69	48	1
1922	1	11	38	1
1923	1	34	49	1
1925	1	69	25	1
1938	1	9	30	1
1946	1	50	28	1
1952	1	9	42	1
1954	1	22	36	1
1955	1	59	42	1
1960	1	37	31	1
1964	1	22	39	1
1966	1	19	37	1
1986	1	25	36	1
1987	1	2	29	1
1992	1	37	35	1
1993	1	6	49	1
2002	1	19	36	1
2004	1	16	26	1
2005	1	46	49	1
2010	1	11	36	1
2021	1	77	30	1
2025	1	73	34	1
2029	1	77	35	1
2035	1	4	26	1
2039	1	54	36	1
2042	1	19	30	1
2043	1	6	28	1
2047	1	50	48	1
2050	1	18	25	1
2051	1	79	47	1
2054	1	76	35	1
2056	1	33	25	1
2057	1	43	34	1
2061	1	0	49	1
2062	1	13	39	1
2070	1	45	35	1
2075	1	35	38	1
2078	1	25	47	1
2083	1	48	31	1
2085	1	72	25	1
2095	1	5	38	1
2099	1	59	34	1
2104	1	54	38	1
2107	1	40	27	1
2108	1	31	36	1
2111	1	10	45	1
2116	1	24	34	1
2120	1	15	28	1
2122	1	40	35	1
2133	1	56	33	1
2143	1	58	46	1
2147	1	54	29	1
2151	1	30	49	1
2154	1	62	44	1
2157	1	1	32	1
2160	1	21	32	1
2161	1	43	32	1
2164	1	77	39	1
2166	1	34	27	1
2172	1	14	42	1
2182	1	79	26	1
2189	1	67	43	1
2195	1	62	40	1
2196	1	3	41	1
2197	1	65	41	1
2198	1	79	25	1
2203	1	31	38	1
2206	1	41	30	1
2211	1	41	28	1
2221	1	78	49	1
2233	1	63	32	1
2240	1	70	28	1
2241	1	57	37	1
2242	1	38	26	1
2246	1	19	26	1
2256	1	54	30	1
2257	1	14	45	1
2258	1	14	28	1
2260	1	52	44	1
2261	1	9	43	1
2270	1	74	49	1
2274	1	13	40	1
2275	1	22	32	1
2277	1	73	43	1
2279	1	11	27	1
2280	1	4	43	1
2287	1	55	48	1
2290	1	1	43	1
2296	1	54	46	1
2298	1	79	43	1
2301	1	6	40	1
2302	1	11	44	1
2309	1	70	42	1
2310	1	18	48	1
2311	1	3	48	1
2312	1	57	26	1
2313	1	51	39	1
2314	1	21	27	1
2315	1	23	39	1
2316	1	25	27	1
2317	1	38	28	1
2318	1	1	49	1
2319	1	33	45	1
2320	1	1	33	1
2321	1	29	44	1
2322	1	67	25	1
2323	1	22	40	1
2324	1	64	33	1
2325	1	17	27	1
2326	1	5	36	1
2329	1	28	46	1
2332	1	21	42	1
2335	1	49	42	1
2336	1	31	40	1
2338	1	64	44	1
2340	1	62	27	1
2342	1	50	49	1
2343	1	60	48	1
2344	1	22	48	1
2345	1	49	35	1
2346	1	12	26	1
2347	1	55	47	1
2348	1	54	40	1
2349	1	57	45	1
2350	1	42	33	1
2351	1	37	49	1
2352	1	61	39	1
2353	1	78	38	1
2354	1	18	43	1
2355	1	33	42	1
2356	1	61	33	1
2357	1	46	44	1
2358	1	38	42	1
2359	1	33	47	1
2360	1	68	28	1
2361	1	66	48	1
2362	1	58	33	1
2364	1	57	46	1
2365	1	27	37	1
2366	1	15	30	1
2369	1	20	40	1
2377	1	49	26	1
2378	1	19	27	1
2381	1	37	28	1
2382	1	38	35	1
2385	1	22	37	1
2386	1	27	47	1
2387	1	13	45	1
2388	1	79	39	1
2389	1	3	42	1
2390	1	4	31	1
2391	1	22	46	1
2392	1	28	27	1
2393	1	58	45	1
2394	1	8	31	1
2395	1	54	25	1
2396	1	59	27	1
2397	1	7	49	1
2398	1	1	28	1
2399	1	78	44	1
2400	1	61	36	1
2401	1	18	41	1
2402	1	9	45	1
2403	1	75	28	1
2405	1	79	46	1
2407	1	45	26	1
2408	1	16	35	1
2409	1	7	45	1
2411	1	54	49	1
2412	1	63	44	1
2413	1	39	40	1
2414	1	61	41	1
2415	1	31	43	1
2417	1	63	38	1
2418	1	28	42	1
2423	1	60	35	1
2431	1	66	42	1
2435	1	11	30	1
2439	1	79	30	1
2440	1	43	49	1
2441	1	35	43	1
2442	1	61	46	1
2443	1	28	33	1
2444	1	69	32	1
2445	1	22	44	1
2446	1	26	31	1
2447	1	1	27	1
2448	1	69	36	1
2449	1	55	44	1
2450	1	45	42	1
2451	1	65	42	1
2452	1	12	43	1
2453	1	60	44	1
2454	1	11	34	1
2455	1	42	49	1
2457	1	44	27	1
2458	1	63	45	1
2459	1	11	28	1
2460	1	44	35	1
2463	1	42	39	1
2464	1	14	31	1
2465	1	16	31	1
2466	1	16	41	1
2470	1	78	47	1
2472	1	79	49	1
2473	1	31	42	1
2474	1	73	44	1
2476	1	8	34	1
2482	1	4	42	1
2483	1	32	37	1
2484	1	55	37	1
2486	1	74	35	1
2487	1	55	33	1
2489	1	17	29	1
2490	1	53	35	1
2493	1	0	28	1
2494	1	77	34	1
2495	1	48	29	1
2496	1	47	38	1
2497	1	42	32	1
2498	1	28	30	1
2499	1	39	39	1
2500	1	77	25	1
2501	1	39	47	1
2503	1	67	28	1
2505	1	52	48	1
2507	1	56	46	1
2511	1	46	40	1
2513	1	62	49	1
2514	1	36	40	1
2515	1	64	48	1
2516	1	19	48	1
2517	1	64	36	1
2518	1	54	35	1
2523	1	78	30	1
2525	1	48	46	1
2529	1	78	26	1
2530	1	63	48	1
2532	1	51	36	1
2536	1	29	25	1
2541	1	20	42	1
2542	1	25	40	1
2543	1	74	27	1
2544	1	24	48	1
2545	1	41	41	1
2546	1	76	34	1
2547	1	53	27	1
2548	1	78	42	1
2549	1	73	29	1
2550	1	16	28	1
2551	1	47	26	1
2552	1	9	28	1
2553	1	79	33	1
2554	1	62	29	1
2555	1	59	36	1
2556	1	11	43	1
2557	1	35	32	1
2559	1	19	33	1
2562	1	31	28	1
2565	1	0	35	1
2572	1	1	39	1
2584	1	75	35	1
2585	1	18	46	1
2586	1	17	25	1
2588	1	47	44	1
2589	1	66	33	1
2591	1	73	40	1
2592	1	71	40	1
2596	1	57	39	1
2597	1	74	38	1
2598	1	17	33	1
2599	1	33	35	1
2600	1	55	39	1
2601	1	45	46	1
2602	1	79	44	1
2603	1	68	30	1
2604	1	49	33	1
2605	1	56	42	1
2606	1	22	41	1
2607	1	40	39	1
2608	1	30	39	1
2609	1	52	41	1
2610	1	56	43	1
2611	1	41	25	1
2612	1	0	45	1
2613	1	42	44	1
2614	1	6	26	1
2615	1	26	47	1
2617	1	8	36	1
2618	1	46	48	1
2620	1	56	32	1
2621	1	60	33	1
2624	1	18	32	1
2629	1	15	43	1
2630	1	68	25	1
2631	1	37	33	1
2632	1	68	49	1
2635	1	53	37	1
2636	1	66	41	1
2637	1	56	49	1
2638	1	68	41	1
2640	1	3	30	1
2641	1	23	48	1
2642	1	75	43	1
2643	1	27	36	1
2644	1	58	28	1
2645	1	0	31	1
2646	1	38	29	1
2647	1	41	48	1
2648	1	77	49	1
2649	1	55	25	1
2650	1	30	34	1
2651	1	23	26	1
2652	1	70	34	1
2653	1	23	42	1
2654	1	75	30	1
2656	1	10	40	1
2660	1	76	25	1
2662	1	33	41	1
2663	1	35	49	1
2664	1	46	47	1
2666	1	48	47	1
2672	1	71	46	1
2676	1	66	45	1
2688	1	19	44	1
2692	1	37	44	1
2695	1	76	46	1
2697	1	75	49	1
2698	1	5	25	1
2706	1	21	34	1
2710	1	48	27	1
2712	1	17	40	1
2713	1	3	32	1
2719	1	20	41	1
2726	1	77	27	1
2744	1	6	34	1
2749	1	13	28	1
2750	1	42	45	1
2752	1	45	32	1
2757	1	76	33	1
2759	1	62	47	1
2760	1	27	38	1
2762	1	60	28	1
2765	1	17	32	1
2771	1	34	32	1
2772	1	50	43	1
2773	1	10	43	1
2774	1	76	40	1
2776	1	72	49	1
2792	1	67	33	1
2794	1	33	34	1
2815	1	49	40	1
2816	1	53	40	1
2817	1	17	38	1
2818	1	75	33	1
2819	1	20	29	1
2831	1	51	40	1
2834	1	42	36	1
2837	1	22	47	1
2840	1	65	40	1
2843	1	73	42	1
2849	1	4	37	1
2850	1	59	26	1
2851	1	38	43	1
2856	1	44	28	1
2862	1	22	45	1
2863	1	24	40	1
2865	1	2	33	1
2868	1	58	48	1
2870	1	54	34	1
2886	1	19	31	1
2898	1	51	48	1
2901	1	16	45	1
2903	1	50	30	1
2906	1	57	44	1
2919	1	24	49	1
2928	1	45	34	1
2929	1	5	29	1
2934	1	79	48	1
2935	1	30	32	1
2936	1	2	42	1
2938	1	72	48	1
2942	1	5	37	1
2946	1	2	47	1
2949	1	76	30	1
2963	1	29	38	1
2968	1	27	30	1
2976	1	26	38	1
2984	1	74	72	2
2993	1	10	73	2
2996	1	64	54	2
2997	1	72	71	2
2998	1	75	72	2
2999	1	65	67	2
3001	1	17	66	2
3002	1	9	51	2
3003	1	35	69	2
3004	1	56	55	2
3007	1	0	56	2
3009	1	19	68	2
3017	1	75	57	2
3022	1	17	63	2
3023	1	68	59	2
3024	1	2	58	2
3028	1	45	61	2
3034	1	57	55	2
3035	1	0	66	2
3038	1	3	73	2
3039	1	18	57	2
3040	1	10	56	2
3041	1	11	67	2
3042	1	9	53	2
3043	1	57	73	2
3044	1	10	51	2
3045	1	18	59	2
3046	1	37	59	2
3047	1	77	54	2
3048	1	28	63	2
3049	1	23	55	2
3051	1	18	63	2
3052	1	77	55	2
3053	1	8	56	2
3054	1	58	62	2
3056	1	77	65	2
3057	1	66	71	2
3058	1	61	55	2
3060	1	35	64	2
3068	1	57	70	2
3071	1	68	52	2
3072	1	65	62	2
3073	1	29	53	2
3075	1	31	60	2
3076	1	28	64	2
3077	1	74	64	2
3080	1	0	64	2
3081	1	36	73	2
3083	1	76	61	2
3086	1	70	50	2
3087	1	19	69	2
3088	1	60	58	2
3089	1	47	65	2
3090	1	73	73	2
3091	1	79	66	2
3092	1	20	57	2
3093	1	76	57	2
3095	1	54	65	2
3096	1	54	61	2
3098	1	55	72	2
3100	1	26	64	2
3101	1	58	59	2
3103	1	12	71	2
3110	1	16	58	2
3115	1	0	51	2
3120	1	19	56	2
3121	1	52	51	2
3122	1	39	61	2
3127	1	8	74	2
3129	1	77	68	2
3130	1	45	64	2
3131	1	67	63	2
3132	1	13	72	2
3133	1	77	52	2
3134	1	20	50	2
3135	1	62	72	2
3136	1	17	52	2
3137	1	63	62	2
3138	1	54	60	2
3139	1	77	67	2
3140	1	23	72	2
3141	1	2	55	2
3142	1	64	66	2
3144	1	20	69	2
3145	1	27	70	2
3146	1	25	72	2
3147	1	64	63	2
3157	1	18	54	2
3159	1	7	50	2
3161	1	22	56	2
3165	1	57	63	2
3167	1	69	53	2
3174	1	4	64	2
3179	1	24	67	2
3180	1	14	69	2
3182	1	77	59	2
3183	1	52	55	2
3184	1	49	55	2
3188	1	35	63	2
3189	1	56	52	2
3194	1	24	65	2
3196	1	72	51	2
3197	1	19	51	2
3198	1	4	72	2
3204	1	24	73	2
3208	1	11	63	2
3213	1	61	53	2
3215	1	79	63	2
3220	1	22	68	2
3221	1	68	64	2
3222	1	13	54	2
3223	1	4	66	2
3224	1	0	63	2
3225	1	64	51	2
3226	1	25	64	2
3227	1	39	71	2
3228	1	42	52	2
3229	1	60	54	2
3232	1	12	51	2
3239	1	56	74	2
3247	1	47	66	2
3249	1	36	62	2
3253	1	57	64	2
3262	1	5	52	2
3265	1	62	64	2
3267	1	61	64	2
3272	1	59	57	2
3273	1	62	69	2
3274	1	70	73	2
3275	1	51	71	2
3276	1	9	73	2
3277	1	47	61	2
3278	1	17	59	2
3279	1	5	50	2
3283	1	52	65	2
3286	1	45	66	2
3289	1	16	62	2
3290	1	17	58	2
3292	1	14	67	2
3296	1	41	56	2
3300	1	17	67	2
3307	1	62	53	2
3308	1	54	68	2
3316	1	31	66	2
3320	1	73	52	2
3322	1	27	66	2
3326	1	52	66	2
3327	1	42	53	2
3328	1	12	72	2
3329	1	42	58	2
3330	1	44	51	2
3331	1	49	65	2
3332	1	35	73	2
3333	1	29	56	2
3334	1	34	66	2
3335	1	78	61	2
3336	1	59	74	2
3341	1	54	69	2
3342	1	31	56	2
3345	1	51	56	2
3349	1	38	53	2
3353	1	25	55	2
3364	1	6	53	2
3366	1	38	51	2
3369	1	78	60	2
3374	1	18	51	2
3377	1	18	64	2
3378	1	17	64	2
3379	1	5	66	2
3395	1	73	61	2
3401	1	26	72	2
3404	1	18	65	2
3408	1	53	57	2
3411	1	68	71	2
3419	1	74	71	2
3424	1	52	59	2
3431	1	72	69	2
3432	1	55	67	2
3438	1	55	58	2
3451	1	16	56	2
3463	1	62	66	2
3464	1	43	71	2
3466	1	44	62	2
3471	1	56	65	2
3475	1	69	69	2
3478	1	34	55	2
3483	1	24	50	2
3488	1	75	61	2
3511	1	66	60	2
3512	1	7	64	2
3515	1	7	70	2
3517	1	9	60	2
3520	1	78	56	2
3529	1	12	70	2
3540	1	35	58	2
3551	1	65	63	2
3569	1	14	57	2
3570	1	76	69	2
3578	1	59	63	2
3585	1	8	59	2
3592	1	51	72	2
3593	1	14	53	2
3595	1	68	55	2
3597	1	45	65	2
3601	1	0	69	2
3602	1	65	54	2
3606	1	36	72	2
3614	1	36	63	2
3615	1	2	54	2
3618	1	62	67	2
3619	1	30	50	2
3624	1	23	63	2
3625	1	28	57	2
3628	1	33	70	2
3647	1	35	50	2
3652	1	71	51	2
3658	1	55	59	2
3659	1	50	61	2
3661	1	60	66	2
3665	1	12	66	2
3666	1	52	56	2
3672	1	8	61	2
3673	1	71	50	2
3675	1	20	74	2
3676	1	73	60	2
3684	1	9	59	2
3692	1	54	71	2
3693	1	10	62	2
3696	1	46	59	2
3697	1	42	50	2
3699	1	25	71	2
3703	1	63	72	2
3704	1	58	69	2
3706	1	28	68	2
3708	1	33	66	2
3710	1	72	57	2
3711	1	78	67	2
3717	1	67	58	2
3718	1	2	71	2
3721	1	38	60	2
3724	1	10	52	2
3725	1	30	68	2
3726	1	6	59	2
3729	1	61	71	2
3730	1	25	61	2
3732	1	37	65	2
3734	1	20	55	2
3735	1	6	56	2
3742	1	23	50	2
3743	1	7	53	2
3744	1	72	54	2
3745	1	32	56	2
3746	1	26	57	2
3747	1	1	72	2
3748	1	43	55	2
3749	1	19	52	2
3750	1	51	60	2
3751	1	0	54	2
3752	1	40	70	2
3753	1	48	50	2
3754	1	11	59	2
3755	1	51	74	2
3756	1	32	74	2
3757	1	14	56	2
3758	1	59	72	2
3759	1	52	73	2
3760	1	20	52	2
3761	1	60	53	2
3762	1	78	54	2
3763	1	15	61	2
3764	1	10	63	2
3765	1	50	62	2
3766	1	71	57	2
3767	1	8	69	2
3768	1	20	63	2
3769	1	72	67	2
3770	1	75	71	2
3771	1	14	62	2
3772	1	78	71	2
3773	1	70	62	2
3774	1	30	65	2
3775	1	1	58	2
3776	1	15	54	2
3777	1	25	53	2
3778	1	77	58	2
3779	1	6	58	2
3780	1	32	67	2
3781	1	69	60	2
3782	1	7	55	2
3783	1	53	67	2
3786	1	29	60	2
3787	1	60	51	2
3788	1	30	71	2
3789	1	53	72	2
3790	1	65	56	2
3791	1	16	65	2
3792	1	52	70	2
3793	1	34	56	2
3797	1	28	56	2
3798	1	2	61	2
3799	1	0	71	2
3800	1	72	56	2
3801	1	75	52	2
3802	1	53	58	2
3803	1	64	67	2
3804	1	0	58	2
3805	1	15	59	2
3806	1	17	55	2
3807	1	8	65	2
3808	1	59	66	2
3809	1	9	66	2
3810	1	20	70	2
3811	1	69	67	2
3812	1	75	51	2
3813	1	29	51	2
3814	1	37	64	2
3815	1	12	55	2
3816	1	73	51	2
3817	1	15	63	2
3818	1	10	57	2
3819	1	74	54	2
3820	1	79	62	2
3821	1	40	55	2
3822	1	68	56	2
3823	1	32	73	2
3824	1	25	73	2
3825	1	48	61	2
3826	1	40	52	2
3827	1	56	69	2
3828	1	2	60	2
3829	1	79	57	2
3831	1	63	53	2
3832	1	16	69	2
3833	1	65	59	2
3834	1	56	62	2
3837	1	9	72	2
3838	1	8	66	2
3839	1	4	57	2
3841	1	60	61	2
3842	1	37	51	2
3845	1	45	70	2
3847	1	31	74	2
3849	1	57	57	2
3850	1	5	62	2
3851	1	71	63	2
3852	1	20	68	2
3853	1	79	61	2
3854	1	36	50	2
3855	1	27	52	2
3856	1	22	74	2
3857	1	23	71	2
3858	1	69	58	2
3859	1	8	60	2
3860	1	63	63	2
3861	1	6	68	2
3862	1	5	51	2
3863	1	4	65	2
3864	1	6	60	2
3865	1	62	63	2
3866	1	2	51	2
3867	1	40	67	2
3868	1	14	55	2
3869	1	79	68	2
3870	1	76	63	2
3871	1	13	62	2
3872	1	76	59	2
3873	1	55	63	2
3874	1	56	53	2
3875	1	76	54	2
3876	1	12	62	2
3877	1	9	74	2
3878	1	13	59	2
3879	1	20	62	2
3880	1	4	59	2
3881	1	2	68	2
3883	1	46	55	2
3884	1	71	60	2
3885	1	65	72	2
3888	1	40	50	2
3889	1	13	55	2
3890	1	36	61	2
3892	1	17	68	2
3893	1	60	74	2
3894	1	75	67	2
3896	1	19	72	2
3897	1	66	69	2
3899	1	78	59	2
3900	1	41	50	2
3901	1	79	58	2
3902	1	68	73	2
3904	1	37	56	2
3906	1	12	64	2
3907	1	8	70	2
3908	1	54	62	2
3909	1	30	64	2
3910	1	23	67	2
3911	1	79	51	2
3912	1	8	64	2
3913	1	25	57	2
3914	1	5	55	2
3915	1	34	61	2
3916	1	76	51	2
3917	1	49	58	2
3918	1	11	66	2
3919	1	8	54	2
3920	1	13	74	2
3921	1	41	60	2
3922	1	11	51	2
3923	1	43	63	2
3924	1	75	54	2
3925	1	71	69	2
3926	1	56	57	2
3927	1	23	52	2
3928	1	7	68	2
3929	1	76	72	2
3930	1	49	67	2
3931	1	6	50	2
3932	1	66	52	2
3933	1	3	59	2
3934	1	31	59	2
3935	1	18	70	2
3936	1	69	74	2
3938	1	55	53	2
3939	1	51	55	2
3940	1	55	66	2
3941	1	1	71	2
3944	1	31	64	2
3947	1	59	60	2
3949	1	7	58	2
3950	1	54	73	2
3951	1	32	54	2
3952	1	22	60	2
3953	1	11	72	2
3954	1	78	58	2
3955	1	71	67	2
3956	1	39	66	2
3957	1	62	65	2
3958	1	15	62	2
3959	1	74	68	2
3960	1	10	71	2
3961	1	5	60	2
3962	1	77	63	2
3963	1	52	54	2
3964	1	18	53	2
3965	1	63	55	2
3966	1	65	51	2
3968	1	36	69	2
3969	1	9	67	2
3970	1	52	72	2
3971	1	38	74	2
3972	1	71	56	2
3973	1	77	62	2
3974	1	17	50	2
3975	1	23	58	2
3976	1	58	58	2
3977	1	14	65	2
3978	1	45	74	2
3979	1	52	52	2
3980	1	32	57	2
3981	1	19	55	2
3982	1	44	72	2
3983	1	58	60	2
3984	1	26	61	2
3985	1	74	55	2
3986	1	76	74	2
3987	1	35	57	2
3989	1	68	63	2
3993	1	16	51	2
3995	1	23	73	2
3996	1	40	64	2
3999	1	22	67	2
4000	1	29	65	2
4001	1	7	51	2
4004	1	9	52	2
4005	1	62	61	2
4006	1	76	66	2
4007	1	66	61	2
4008	1	58	65	2
4009	1	69	63	2
4010	1	69	54	2
4011	1	0	62	2
4012	1	22	70	2
4013	1	6	73	2
4014	1	47	50	2
4015	1	3	56	2
4016	1	20	54	2
4017	1	15	73	2
4018	1	77	72	2
4019	1	18	71	2
4020	1	3	65	2
4021	1	3	74	2
4022	1	43	53	2
4023	1	12	54	2
4024	1	46	69	2
4025	1	52	69	2
4026	1	75	63	2
4027	1	70	57	2
4028	1	0	60	2
4029	1	73	59	2
4030	1	35	68	2
4031	1	67	69	2
4032	1	11	57	2
4033	1	16	74	2
4034	1	71	74	2
4035	1	21	74	2
4036	1	50	51	2
4037	1	14	52	2
4038	1	7	52	2
4039	1	26	74	2
4040	1	29	66	2
4041	1	12	53	2
4042	1	19	67	2
4043	1	66	73	2
4044	1	76	68	2
4045	1	18	68	2
4046	1	37	62	2
4047	1	44	54	2
4048	1	11	73	2
4050	1	29	50	2
4054	1	41	55	2
4055	1	41	69	2
4060	1	54	57	2
4061	1	30	63	2
4062	1	26	62	2
4063	1	5	70	2
4064	1	25	62	2
4065	1	63	57	2
4066	1	16	63	2
4067	1	13	66	2
4068	1	49	52	2
4073	1	63	67	2
4074	1	73	64	2
4075	1	39	72	2
4076	1	57	52	2
4077	1	6	70	2
4078	1	79	52	2
4080	1	63	50	2
4081	1	11	53	2
4082	1	70	72	2
4083	1	31	52	2
4084	1	75	53	2
4085	1	5	74	2
4086	1	42	64	2
4087	1	36	53	2
4088	1	48	66	2
4089	1	10	67	2
4090	1	59	67	2
4091	1	32	51	2
4095	1	43	72	2
4099	1	24	71	2
4101	1	17	71	2
4106	1	56	61	2
4107	1	33	63	2
4108	1	62	50	2
4109	1	7	73	2
4110	1	32	70	2
4112	1	75	73	2
4113	1	11	65	2
4114	1	8	67	2
4115	1	54	64	2
4116	1	11	58	2
4117	1	53	74	2
4119	1	77	57	2
4122	1	49	53	2
4123	1	14	51	2
4124	1	17	61	2
4125	1	40	53	2
4129	1	12	52	2
4130	1	16	60	2
4131	1	62	68	2
4132	1	47	51	2
4135	1	38	68	2
4136	1	55	54	2
4137	1	43	64	2
4138	1	78	69	2
4139	1	17	57	2
4140	1	43	68	2
4141	1	20	66	2
4142	1	25	70	2
4143	1	7	71	2
4144	1	31	72	2
4145	1	5	53	2
4146	1	27	55	2
4147	1	21	55	2
4148	1	21	64	2
4149	1	28	67	2
4150	1	15	71	2
4152	1	3	66	2
4154	1	54	66	2
4158	1	72	55	2
4160	1	0	52	2
4159	1	78	62	2
4161	1	32	53	2
4162	1	34	51	2
4163	1	16	50	2
4164	1	62	56	2
4165	1	0	65	2
4167	1	75	60	2
4169	1	14	74	2
4175	1	35	66	2
4191	1	3	67	2
4194	1	73	68	2
4198	1	12	57	2
4199	1	38	65	2
4200	1	79	55	2
4202	1	76	50	2
4207	1	28	55	2
4209	1	54	58	2
4215	1	30	52	2
4221	1	72	63	2
4222	1	4	70	2
4225	1	15	52	2
4235	1	16	72	2
4238	1	79	56	2
4239	1	67	70	2
4240	1	76	70	2
4247	1	69	72	2
4250	1	23	57	2
4255	1	20	73	2
4263	1	68	53	2
4267	1	21	53	2
4269	1	1	52	2
4274	1	2	67	2
4279	1	70	59	2
4280	1	74	50	2
4285	1	61	56	2
4294	1	16	70	2
4295	1	56	58	2
4296	1	57	65	2
4300	1	60	55	2
4303	1	12	60	2
4315	1	0	57	2
4317	1	19	64	2
4322	1	60	69	2
4329	1	49	66	2
4330	1	40	60	2
4335	1	7	67	2
4336	1	21	60	2
4339	1	64	72	2
4340	1	54	50	2
4342	1	48	67	2
4343	1	7	60	2
4344	1	21	73	2
4351	1	76	60	2
4353	1	62	51	2
4359	1	34	62	2
4362	1	13	64	2
4363	1	63	59	2
4364	1	12	67	2
4366	1	13	52	2
4369	1	79	74	2
4370	1	61	70	2
4375	1	23	64	2
4377	1	36	70	2
4384	1	46	66	2
4385	1	49	60	2
4390	1	60	67	2
4395	1	47	67	2
4397	1	38	64	2
4399	1	7	74	2
4402	1	28	66	2
4406	1	76	67	2
4413	1	72	68	2
4418	1	22	72	2
4426	1	66	64	2
4428	1	23	61	2
4429	1	46	54	2
4430	1	32	65	2
4431	1	22	59	2
4432	1	20	61	2
4435	1	58	68	2
4438	1	77	69	2
4440	1	61	73	2
4441	1	0	50	2
4449	1	12	65	2
4450	1	59	54	2
