7.849094235815684550e-02
7.573547867369732900e-02
7.329704050526522630e-02
7.075360049648241056e-02
6.844027980121721033e-02
6.595493782526279380e-02
6.385311900141106556e-02
6.188329407652366776e-02
5.987240934270986886e-02
5.797717204590102646e-02
5.631379304059663804e-02
5.438967225476775552e-02
5.258153581676149740e-02
5.086468544452302232e-02
4.936549141687360254e-02
4.780428878673562837e-02
4.612189009143512208e-02
4.444827703291633070e-02
4.299241932767725732e-02
4.150438357876000406e-02
4.016288231277712756e-02
3.901471078257783692e-02
3.768862256116225357e-02
3.650481200966266410e-02
3.525438078969579669e-02
3.411723087393875309e-02
